24184
24211
24246
24248
24362
24368
24399
24401
24479
24552
24605
24609
24646
24667
24669
24783
24788
24818
24849
24891
24908
24942
24957
25014
25019
25028
25035
25059
25123
25159
25231
25272
25278
25283
25288
25331
25337
25343
25344
25351
25368
25375
25413
25416
25418
25458
25531
25533
25576
25577
25581
25594
25596
25617
25622
25623
25686
25688
25700
25737
25740
26192
26195
26198
26204
29144
29231
29232
29233
29236
29282
29288
29374
29395
29414
29440
29468
29470
29486
29491
29508
29532
29554
29611
29635
29637
29662
29663
29667
29670
29757
50645
50655
50658
50993
54237
54254
54281
54308
54318
54321
54350
54705
56010
56011
56042
56082
58815
58817
58822
58835
58960
58961
58974
60355
60376
60431
60449
60466
60577
63864
64012
64013
64014
64018
64046
64156
64161
64187
64198
64201
64226
64313
64351
64465
64470
64514
64515
64516
64524
64550
64624
64667
64831
65028
65042
65043
65052
65081
65135
65137
65151
65204
65208
78959
79112
79121
79223
79434
79563
80843
80897
81002
81513
81632
81640
81654
81664
81673
81675
81727
81738
81747
81748
81757
81768
81775
81781
81782
81783
81829
81830
81917
81925
83422
83499
83503
83510
83529
83531
83537
83569
83572
83581
83582
83617
83624
83784
83791
83792
83803
83806
83809
83819
83828
83840
84005
84014
84029
84114
84356
84360
84379
84389
84392
84394
84471
84473
84478
84484
84486
84490
84576
84594
84599
85238
85252
85260
85434
85492
89809
89825
93646
94167
94173
94189
94197
94340
113927
113936
113960
113961
113976
114024
114095
114096
114495
114508
114512
114518
114554
114597
114629
114630
116470
116483
116546
116563
116643
116645
116650
116653
116691
116718
116719
117035
117045
117104
117254
117261
117263
117272
117541
117544
117548
117553
117596
140639
140655
140667
140673
140694
140922
155205
161475
170667
170699
170844
170913
170924
170944
171102
171124
171126
171129
171139
171140
171150
171304
171337
171358
171374
171503
171529
171576
171581
191575
192126
192180
192210
192218
192235
207122
245957
245959
245960
246042
246074
246216
246232
246311
246771
252916
259218
259221
259229
259274
260321
261730
266686
266759
280671
282584
286896
286906
286927
287069
287119
287156
287208
287269
287275
287276
287411
287475
287478
287523
287524
287533
287535
287593
287607
287670
287727
287739
287772
287834
287871
287930
288029
288167
288242
288308
288398
288414
288444
288498
288563
288597
288615
288666
288669
288700
288740
288743
288917
288923
288924
289014
289036
289167
289276
289352
289424
289481
289561
289584
289623
289693
289758
289785
289809
289820
289881
289990
289994
290291
290401
290519
290556
290564
290636
290652
290660
290673
290875
290907
290947
291061
291103
291133
291309
291394
291556
291604
291689
291794
291841
291981
291996
292008
292019
292028
292058
292072
292536
292778
292831
293345
293638
293828
293967
294088
294286
294331
294339
294376
294410
294504
294515
294672
294693
294708
294711
294862
294972
294993
295107
295143
295230
295270
295394
295446
295455
295496
295500
295607
295961
296083
296121
296134
296159
296188
296279
296284
296302
296304
296306
296360
296394
296501
296709
296813
296849
296956
296969
297113
297173
297406
297455
297483
297518
297593
297799
297893
298012
298074
298095
298426
298429
298500
298508
298510
298514
298586
298594
298596
298652
298675
298792
298795
298916
298933
298934
298942
299012
299027
299075
299106
299159
299180
299201
299306
299507
299699
299900
299938
299971
300078
300088
300193
300231
300472
300664
300668
300674
300786
300837
300860
300944
300948
300974
301000
301011
301246
301252
301254
301432
301574
301742
302502
302671
303024
303277
303281
303351
303353
303372
303373
303547
303602
303608
303630
303634
303734
303754
303796
303874
303918
304012
304037
304109
304218
304277
304330
304429
304488
304512
304528
304542
304567
304582
304794
304893
304928
304954
304978
305000
305177
305268
305343
305419
305464
305470
305479
305482
305581
305606
305827
305987
306009
306071
306079
306103
306222
306332
306436
306492
306504
306526
306586
306804
306866
306991
307075
307091
307212
307350
307410
307474
307485
307491
307492
307500
307503
307641
307649
307766
307821
308173
308282
308384
308472
308490
308738
308759
308789
308896
309008
309051
309126
309301
309391
309399
309451
309475
309532
309651
309758
309812
309912
310019
310034
310131
310324
310533
310633
310720
310773
310784
310960
311024
311118
311311
311355
311446
311487
311569
311570
311591
311637
311655
311840
311856
312054
312154
312299
312398
312538
312560
312616
312670
312703
312947
313017
313047
313200
313231
313243
313308
313341
313391
313409
313450
313477
313479
313511
313560
313564
313581
313583
313648
313707
313777
313786
313825
313843
313845
313961
313977
313981
314417
314644
314683
314704
314718
314830
314969
315023
315131
315265
315298
315311
315422
315439
315548
315554
315840
315994
315999
316005
316098
316235
316273
316457
316643
316810
317237
317275
317296
317589
353304
360471
360496
360571
360602
360636
360639
360643
360658
360734
360746
360753
360763
360785
360810
360869
360917
360975
360991
361014
361055
361059
361071
361103
361174
361181
361191
361206
361213
361262
361344
361365
361389
361390
361418
361449
361472
361580
361605
361613
361655
361684
361753
361755
361810
361813
361814
361825
361842
361846
361856
361887
361923
361925
361940
361959
361995
362013
362093
362103
362110
362132
362153
362154
362162
362199
362214
362219
362226
362229
362274
362281
362302
362304
362383
362419
362438
362456
362460
362481
362519
362547
362586
362599
362614
362638
362652
362657
362683
362686
362700
362736
362779
362802
362856
362862
362902
362959
362963
363067
363069
363099
363109
363138
363143
363160
363164
363188
363237
363254
363518
363603
363611
363720
363760
363849
363854
363858
364144
364678
364723
364858
365191
365465
365841
365865
365877
365962
366017
366163
366196
366545
366593
366698
366783
366896
366959
367073
367265
367304
373542
373545
378794
408212
408248
493810
497961
497976
498072
498112
498225
498272
498486
498869
498894
498934
498988
499179
499339
499358
499508
499725
499770
499878
499903
499951
500006
500066
500244
500684
500694
500881
500929
500959
500988
501083
501099
501157
501167
501194
501456
501550
501659
619393
619561
641315
641316
654495
679572
679819
679886
679894
679900
679983
680097
680594
680668
681410
681458
681825
681996
682865
682908
683927
685055
685069
685076
685232
685332
685607
685909
686295
687001
687358
687633
687679
687711
688288
688502
688637
688777
689030
689116
689134
689408
689443
689890
690032
690131
690155
690252
690300
690966
691145
691337
691431
751787
100270683
100359982
100360057
100360200
100360342
100360412
100360750
100360950
100361574
100362548
100362764
100909445
100909830
100909857
100910207
100910318
100910446
100910751
100910753
100910944
100911034
100911235
100911516
100911727
100911837
100912032
100912059
100912455
102548682
102551184
102552166
102557184
103689921
103689953
103689978
103690007
103690017
103690018
103690033
103690054
103690064
103690891
103691942
103693419
103694506
103694508
103694876
103694910
103695118
364529
25156
25630
29528
192253
362765
301617
363241
305502
315978
296461
362100
361190
679532
502750
301020
361798
25636
24640
317374
308449
688811
287398
304648
84411
300146
680115
303604
302776
24813
360725
297176
299976
302290
102553845
83612
306380
309514
100363502
81732
56718
309453
100361520
84485
100312983
685900
84383
29592
116482
25225
287371
29748
291434
116639
81641
681234
303148
309528
192350
140670
299509
314384
246152
298884
297417
311545
29372
287060
83782
366170
307270
365985
361669
29324
171574
305586
361686
311491
368062
365024
170914
287953
294232
498982
25240
309243
29168
117522
24472
65169
362609
363249
311115
361916
306540
654441
311191
301544
307288
306197
307759
309646
316122
64015
103694000
29367
29344
361538
681037
65046
501127
246145
24811
360945
25193
252921
685567
308865
363875
289021
311748
363783
360463
308589
690407
117513
361237
687780
313163
408206
79250
363284
192213
289095
100910721
85263
361273
307842
25499
64060
294276
64298
299343
289456
245982
296384
362329
171378
291969
117042
364755
304805
500319
311880
300257
100360977
286990
364681
290567
64371
100365810
309638
171122
25515
286937
689226
171103
116455
25176
684558
24645
309147
298096
311120
81765
297699
499716
292483
290805
304914
100359512
304971
303343
361811
288482
171152
25362
313865
317163
289632
498230
502774
140669
363445
363481
246326
314224
306630
316516
307745
361180
366012
297428
305577
64191
24781
287703
313494
689688
25121
684425
361802
360993
295229
690504
302980
308353
100366237
64185
299104
362713
685025
299810
54259
24525
297597
252915
288479
363185
29257
84026
83532
295461
684035
362809
100125384
310678
114839
289595
288595
84582
81659
308857
679712
171415
304944
84497
307169
361643
687071
363275
300084
360572
302780
100910336
366251
361977
155192
361726
306840
294014
363159
29285
140662
364814
361169
363077
362283
287212
300029
288588
683381
361771
312754
305816
192277
100188944
58856
300079
116967
690211
117050
29258
29677
103693776
100360682
294255
313997
500255
100312982
362858
363972
100359498
363687
315264
303470
302425
500629
100912538
259271
300030
316348
360722
501539
362645
317575
79433
297566
292023
291526
170904
363478
362385
100360573
298079
114633
308140
304344
29189
501103
103690888
301516
311349
297755
301073
680549
292777
24715
299196
114558
89784
29215
116686
29304
499497
304761
79449
499971
366434
362316
365096
408222
316767
266732
306014
311404
309647
306879
100912369
171361
687536
289924
365381
300053
25739
293660
288449
680737
25023
65262
317161
64670
65136
84393
685859
292690
690068
100360867
361512
308578
100364265
291922
25336
114509
680312
365592
310856
304670
114860
287835
499420
295219
306582
289138
500119
310306
81920
308582
305248
290561
103689969
360833
499655
360748
94201
102550841
687008
498729
29711
498962
366360
363005
54227
54300
25139
117041
64045
361286
363285
305142
24644
315762
305164
684192
312113
287115
303304
171070
309433
171366
307858
24172
303369
65142
360678
296560
310698
140657
301373
313216
406165
191576
360593
309641
688862
245961
288306
360467
116725
313539
170907
291967
24255
304077
360497
25558
685244
501582
363658
294698
309419
100911581
314336
103689927
288692
24941
27137
282636
64367
304569
287191
314443
295352
78961
29177
102555453
308909
303179
311651
313525
502353
367332
301442
24385
360627
65189
362719
171053
303740
360860
300092
362843
100034253
302500
301120
298848
364064
100312984
310632
312192
311329
299557
50671
312227
81776
499870
297961
361662
690516
171456
83506
24668
25183
117526
691393
286973
303056
26956
25244
302915
292516
500088
246118
300121
81756
311078
291796
361195
26962
302582
362273
50556
315327
50681
364867
25282
303206
29693
246284
361473
360887
304447
309593
287042
296390
293684
291960
298317
298573
362479
29673
29600
309262
171552
307170
29156
309527
684352
299824
65179
367865
170923
25135
297960
361315
286936
257648
360682
316330
312199
89816
362404
303617
100911625
288079
309036
116456
29484
170898
302426
296078
361370
301114
81663
289482
500594
24582
293448
368044
24598
364995
498013
301363
24192
300968
315606
316333
54242
685365
297504
171155
304244
361272
302937
360920
310672
361574
291411
100360914
56826
29699
312656
313304
294281
116697
292729
266758
688333
311567
24611
81666
25203
312974
302819
311030
296167
301130
29557
361601
117955
501560
288779
65278
171350
366232
171085
499014
84577
171496
100362547
89830
85264
171058
361765
362612
171373
362842
24784
360503
366461
361746
25738
302995
619382
365355
25756
317498
140607
310352
680726
64666
287436
100910245
317627
103692976
500906
65248
54244
685504
252857
65218
684800
361696
365410
81802
305935
170538
81649
100910882
691125
362833
100911440
312664
85248
303141
83427
64392
688540
310843
24673
315461
94172
360520
64373
307100
100126191
691464
289777
686117
691589
308405
361092
24382
24185
308392
691318
114121
29132
679812
311399
292681
291793
291464
362342
79130
29433
192117
288093
29355
317170
29398
25255
64462
311844
293688
259243
291328
309449
171088
365394
308760
360834
140671
316640
100362710
361697
363156
306571
313022
363516
751812
292295
64627
171050
81774
103694902
100910370
298693
29562
297756
313668
287927
501841
300653
688869
84509
114764
291615
116655
24242
65139
81816
117273
679571
286993
65183
302697
688518
500233
29578
363216
312510
362152
50522
292022
301434
292847
303831
294680
311911
114116
312965
140665
362812
81762
690795
299713
100911483
686091
