851812
852709
850568
851843
851092
855866
854557
850714
851493
853839
854268
853651
853671
852224
856870
852066
850759
851798
851620
855725
856876
856147
856079
855328
854973
854914
852128
854549
850523
853675
850803
852684
853344
856734
850877
854540
854456
853033
852774
853569
855137
851285
854845
854108
850543
856306
851676
853712
853455
850636
851368
850569
856741
853497
851105
852385
854583
854598
854622
854627
851241
851860
853128
856853
854939
851412
856165
855130
850781
852130
852314
853371
852233
852614
853852
856925
855653
854790
854913
853723
852042
854544
855076
852567
851013
852457
855483
856502
853463
851770
854257
851501
852129
856921
856311
855897
856814
853313
852200
852372
855952
856856
854387
854201
853968
855518
855471
854844
852521
855264
854658
851014
852462
850860
851063
855726
851158
853638
850930
854956
853896
852881
852785
856188
854156
851424
854168
855661
854445
856388
850941
851112
851771
856785
856504
853470
851418
856353
852662
854407
851095
853699
851391
852902
854105
856201
853304
855248
855066
855454
851707
850750
853931
856751
850415
851509
853777
855478
852317
852018
856607
856317
850809
854692
856739
856307
854519
856119
853300
850914
854025
853272
852825
852664
854735
852222
853807
850998
854294
854950
851380
855956
850966
856136
852216
851457
853416
851584
852939
855446
855332
853747
855386
850343
854997
855618
853133
856669
855253
854328
854392
853922
851332
852215
855691
856354
856533
855561
855288
851742
854303
851893
852946
853345
854310
854584
855221
850643
855869
851431
853667
856203
855584
851748
855041
855750
854267
854026
852685
852064
851557
852211
855346
852655
856179
852424
852468
855174
852230
850686
850732
855622
854810
856686
850409
851713
850872
855052
854678
854514
856693
851450
853056
853585
853783
853439
853798
853770
855890
855495
854418
853789
852169
855611
856779
853142
855613
852497
852307
856391
855012
851730
851286
850892
855587
855892
855998
851764
853574
851888
854462
855840
855836
851859
851249
855602
850641
854697
855883
852412
852750
850438
854703
851266
853423
852223
856742
853961
854301
851408
855228
856593
850935
852779
854780
854869
855289
856912
852383
850577
856530
850709
856403
851085
850505
855968
851364
850522
856465
850950
852102
852564
855501
856413
854764
854382
856835
851757
852757
853462
853729
854317
851532
852006
854433
852511
853646
853377
855468
856723
854414
855769
856574
856681
853846
854166
856438
854286
856689
852291
854037
850605
856412
855605
856571
852964
850455
856727
854221
856197
851607
853373
852051
852983
852810
852560
851745
855474
853458
854123
852144
856263
855036
851737
852034
853595
852296
850429
853342
850691
856454
854781
852507
850775
854538
853438
854497
850869
854236
854789
854060
850945
853857
853481
850840
851641
852553
856062
851634
850772
855838
856611
851256
856595
856313
856106
851419
853173
854769
856704
856714
852418
856294
853333
851159
854702
853856
852349
855436
856674
855241
855664
852713
854767
854897
853072
853860
852782
850685
851337
850354
852231
850983
855274
855021
850527
852563
856746
854282
850764
856659
856455
851726
854877
856044
854165
854321
853782
853713
856087
854260
853393
850369
852545
850612
852528
854290
852702
853986
853135
853670
856226
854513
855429
850868
854765
852044
853011
851461
850435
856519
855829
850304
856394
850947
853840
856056
851190
855099
856222
850642
853122
856475
856228
855426
854930
852817
853064
851265
854696
851455
851410
854198
856673
853603
851195
853227
850888
854135
856254
851141
854138
856889
855788
854994
851208
851582
852202
855832
851653
854446
855114
852357
855267
856145
856691
852440
854227
853945
854480
854435
850949
856310
854999
855335
856911
855558
855350
853668
853690
852305
854152
856884
855396
852915
853494
855936
852335
855118
856920
856828
850819
851019
855319
850820
855593
854875
851533
855926
851126
855737
850846
856418
851884
854970
856511
854809
856573
855626
851214
852258
856909
856915
851831
855946
853097
853878
852815
854023
855583
850628
855498
855711
851033
850574
853244
854700
852241
853581
853762
851531
856716
854162
854381
855824
850619
855808
851099
855201
853048
853871
853534
851569
853153
850774
850298
854811
852240
852971
856899
851886
850550
854504
852753
853887
851874
854527
856680
855014
852938
856529
855903
852135
851181
855481
851471
851777
852194
851960
854943
850944
856153
851212
854681
856860
856009
855532
855162
853159
855679
852257
855342
853335
851763
854791
852611
851665
852456
852378
851906
851814
856474
855716
850688
854501
852592
850506
855933
852084
856766
853718
850520
853195
854258
856859
851482
850894
855994
854213
850652
856844
855858
855460
854262
852937
850977
851420
855337
854933
850589
854163
854448
853942
854436
850946
855196
852752
853223
851632
856771
853859
850893
850649
853925
852992
854158
854220
850695
856652
856647
852862
853908
850711
851406
856404
853586
853868
854261
852275
852083
854677
855701
850511
852985
856132
851789
852283
854332
856466
851150
851413
854509
851121
850955
851818
851833
852763
853996
853862
852931
856831
855616
851695
850529
852187
854150
856312
852107
856488
853200
853636
855596
856180
854889
851394
854449
855059
853322
851504
852556
856772
852523
856432
854159
856006
853367
850712
852207
854314
853997
852969
851800
852838
852433
855321
851342
856459
856715
853851
855710
851657
852736
850528
850839
852322
851125
856891
855925
851659
851743
855971
852451
855182
852491
851516
853158
851671
853202
856547
856019
850549
852822
855122
850740
853985
850864
851237
851245
851193
851203
851204
851216
851260
851264
851273
853222
853242
853243
853252
853264
853271
853275
853286
853298
853308
853327
853332
853334
853338
853347
853348
853350
853365
853366
853386
853422
853427
853429
853447
853457
853488
853507
853528
853529
853552
853557
853568
853583
853589
853600
853613
853624
853641
853644
853674
853708
853710
853717
853733
853738
853757
853761
853771
853774
853827
853844
853870
853872
853882
853884
853899
853904
853906
853926
853930
853932
853946
853969
853974
850673
850674
850620
850630
850647
850650
850706
850727
850734
850749
850761
850778
850788
850807
850824
850827
850833
850865
850873
850875
850876
850885
850904
850907
850909
850919
850953
850962
850964
850973
850990
850994
851000
851006
851015
851039
851058
851076
851087
851102
851115
851122
851137
851146
851148
851152
851153
851168
851169
854909
854915
854876
854879
854934
854946
854965
854980
854984
854986
854993
855013
855032
855060
855078
855103
855104
855109
855128
855131
855143
855150
855173
855177
855230
855237
855243
855250
855256
855263
855276
855284
855301
855302
855343
855347
855358
855390
855393
855411
855417
855423
855424
855440
855441
855477
855479
855520
855521
855553
855560
855568
855569
855625
855631
855642
855656
855658
855669
855678
855682
855688
855700
855706
855708
855709
855728
855741
855746
855753
855783
855784
854024
853993
854028
854034
854050
854075
854080
854083
854086
854094
854095
854111
854117
854118
854119
854130
854142
854144
854149
854157
854160
854179
854187
854192
854205
854211
854229
854252
854256
854263
854276
854284
854327
854330
854342
854346
854352
854354
854357
854359
854379
854394
854401
854409
854417
854419
854420
854431
854432
854444
854463
854466
854494
854495
854505
854529
854533
854539
854551
854556
855860
855862
855827
855844
855881
855889
855912
855929
855949
855983
855984
855986
855993
856010
856014
856015
856016
856023
856026
856031
856070
856076
856099
856101
856140
856141
856143
856156
856160
856195
856196
856219
856223
856227
856236
856237
856243
856289
856303
856322
854582
852177
852186
852191
852206
852212
852225
852243
852250
852254
852259
852260
852265
852284
852288
852294
852295
852308
852329
852330
852337
852351
852376
852377
852379
852380
852386
852406
852410
852415
852432
852436
852476
852479
852480
852489
852513
852522
852530
852533
852536
852537
852543
852597
850301
850314
850322
850324
850346
850370
850392
850398
850399
850400
850437
850453
850456
851358
851362
851336
851339
851386
851400
851421
851444
851467
851476
851484
851485
851488
851508
851520
851539
851543
851547
851558
851572
851580
851589
851666
851670
851672
851682
851685
851690
851703
851704
851719
851720
851725
851729
851733
851752
851766
851768
851786
851829
851830
851839
851842
851856
851862
851865
851877
851881
851898
851926
851934
851942
851968
851977
851978
851979
851985
851990
851993
851995
852026
852063
852065
852068
852077
852082
852088
852108
852122
852124
852131
852136
856645
856648
856654
856656
856672
856687
856694
856712
856725
856736
856737
856744
856749
856753
856763
856777
856790
856799
856805
856823
856836
856837
856839
856862
856863
856866
856887
856898
856913
856916
856917
856924
850499
850501
850504
850509
850540
850554
850562
850585
850590
850601
850614
852638
852612
852618
852622
852624
852667
852675
852695
852696
852719
852734
852742
852758
852772
852783
852789
852793
852796
852797
852806
852826
852833
852839
852873
852878
852882
852883
852889
852893
852922
852925
852949
852951
852984
853002
853003
853023
853051
853071
853082
853096
853100
853116
853123
853131
853138
853147
853157
853163
853167
853169
853187
853193
853204
856349
856365
856369
856373
856375
856382
856387
856389
856415
856419
856423
856435
856442
856443
856462
856478
856480
856486
856491
856508
856510
856517
856523
856537
856544
856563
856566
856567
856568
856581
856612
856615
856617
854646
854675
854694
854713
854732
854741
854749
854760
854763
854778
854786
854794
854808
854815
854817
854820
854826
854840
854185
856886
856724
851811
852661
852788
