11637
11928
108058
12359
14121
14194
14661
14718
15926
17436
18176
18263
18670
19043
19047
226999
20322
21454
21991
27362
12662
14645
110446
14375
229665
109754
15277
21345
14461
15379
26414
12862
14629
14081
11720
18046
20028
18673
20526
11534
11670
12896
12934
22240
14854
19339
19352
22629
22630
19181
19046
103963
14828
19247
232493
14677
12723
15925
18538
14687
17711
17708
17709
17710
12330
26371
12724
26373
16785
65019
20091
12464
97165
23797
23985
14827
26922
13006
16443
18044
20589
18597
13171
21856
208715
14569
11764
20384
19167
11975
11891
11428
26420
19325
12534
14463
18550
20874
13665
71994
76983
381511
22628
54401
56041
74498
30926
20334
27373
236539
26396
54375
56486
18195
53317
56491
14695
53331
57738
15108
19360
67466
80915
11416
17535
22186
224020
104303
73078
67863
56716
18242
56418
12540
13194
209354
107995
22365
21881
21969
75717
52551
64602
15502
94280
67115
225326
77573
64705
56505
15473
12797
65254
58810
67556
11845
14933
19326
17713
53421
80898
81003
16881
268860
11702
235339
14678
229906
27357
17855
269966
107650
102866
56044
19934
66481
20646
20652
20823
17448
53869
29816
74596
17344
19185
69833
26394
22333
22334
20598
27413
18472
20019
20017
15259
228005
268782
110196
20250
19079
70247
386649
80979
235459
72508
217715
19765
56185
228061
26874
12725
19346
66671
16568
13193
56440
53975
22230
54403
81898
14156
433759
18041
68581
104015
103573
12497
71702
19177
19687
53605
69162
11758
170718
53334
68365
433256
93687
56373
217866
70231
50790
74205
20912
67834
26399
14120
56321
53896
84095
56451
13487
228033
20907
226414
64143
11773
269523
18786
24067
67252
19157
103737
100705
57279
13684
71978
18477
56643
19179
212627
74255
231327
16561
22200
11966
217365
20055
64933
108124
13429
53382
215335
67151
11984
235574
319944
239273
245474
12530
72199
55946
320011
30056
12325
12572
16551
215449
215303
11947
52163
73804
12236
228543
18102
69601
66164
78244
81601
12282
109333
212880
18674
380959
67949
20249
28000
67883
382051
227731
72433
66521
64291
14208
18107
14228
20878
28200
15525
98258
210376
20397
71853
20872
68015
213753
214952
66827
12750
77371
66397
68460
67279
83429
116905
68275
19062
68299
217057
170749
22123
217207
20624
66997
170472
74370
21976
224092
66315
110749
78913
230721
69263
15505
74781
83766
94244
66711
56433
56378
77407
66383
52850
66590
330817
67836
17164
72674
240879
11566
107508
19775
14626
231329
69727
53323
13204
18972
246177
66249
66713
13486
67089
12793
69008
13885
73666
30877
67011
66171
14232
234374
170759
69957
319583
210009
71340
66694
214579
98910
66054
70223
70640
52563
20641
234594
68051
67619
234723
101943
85305
272551
11821
68988
69920
66161
24075
27267
67973
226026
75735
100502766
22213
54387
54152
17155
67895
56484
320806
23894
218544
238831
223455
72039
18415
70099
66841
12462
107701
69740
271981
67547
108943
75624
56194
56369
228545
84092
77721
80743
228677
99237
16569
67204
108687
66366
78928
13480
107435
66489
319653
236900
22214
58246
353172
67653
12468
67678
72171
68089
22225
27395
19359
22590
70052
72181
19366
69780
56031
54170
69902
108911
67680
63958
67830
383295
55948
54451
19819
104923
13382
11855
26905
78232
238217
73834
69792
78920
70396
216188
78581
68537
66335
78929
223870
239667
69091
192663
13478
213827
270166
235497
215351
24127
19823
94062
74153
22273
20016
15516
224805
70225
12283
54160
72584
108012
103583
276846
20926
59040
69077
217011
217012
14055
71833
56095
52639
14674
207592
217371
27801
320213
74197
52575
68146
21844
100710
54188
68033
100678
320717
74111
72151
52064
56361
53890
213464
226525
69962
107652
12847
26909
67870
231380
71521
67073
277854
13494
67465
74302
72129
76784
218973
68813
213053
18826
72662
66373
11767
50753
18983
319582
67920
434437
105148
108652
218035
207615
56043
338403
69597
66810
56070
24074
70791
15115
74002
225363
13000
109006
93762
17463
16553
268281
56459
20924
66942
244059
101869
101592
74996
101490
27392
238799
59028
226139
226016
107338
107358
67979
68816
67345
19714
170728
105372
19356
78757
114893
76089
94232
269470
99712
99730
170822
16574
228012
17536
327655
15112
70408
60525
668940
70470
228875
69372
68205
74270
207704
71777
14056
13990
17216
22591
70047
68465
19305
116940
107271
72479
56737
66362
331401
56703
242557
72685
69942
230597
18392
100465
51797
230709
67205
75062
13200
50912
57741
68165
230895
319625
20662
67241
14245
217431
18789
102115
216198
67933
67019
52705
110109
69906
105785
19230
26934
59033
77116
234967
67398
67049
17920
102626
72825
23807
66446
80905
17215
18711
14004
98488
331487
66229
53332
70415
228812
252870
67563
19376
67684
68066
68087
217232
260302
67838
66053
50767
22217
11769
68080
226591
231464
18293
69922
59007
16648
67179
20916
328365
207958
99375
28114
328258
268656
217995
225651
20021
68999
24015
72552
67418
270685
14884
74737
72590
21843
17955
57753
56454
14229
106504
20383
20587
30930
71924
67285
68028
56456
70804
16649
70767
229709
140858
66617
107951
227867
80744
69082
77038
269338
67134
74182
27054
24128
228889
66679
74610
26429
19895
68971
68298
11857
66964
252838
14211
320438
66966
27096
100210
72269
214063
17769
320473
12607
50850
207304
22367
68775
103136
22027
223499
223693
105835
20466
66812
225215
109785
56032
14685
68292
67561
224826
57750
245860
56292
69125
216792
68942
56297
15260
15568
66682
72313
14057
319160
269019
68953
72502
229517
18720
319192
242259
227715
11834
66586
74915
71916
72113
67667
66687
14429
60409
252903
59041
108099
73681
74649
12343
18099
114714
208146
16865
54342
56307
77605
78651
52874
329065
218441
70285
227695
17957
14464
71382
320609
269774
74316
22143
13209
18571
20807
66646
69080
227399
66226
30045
264895
212647
74168
67067
384009
75608
100042165
105638
29807
77134
30049
22327
217737
242681
100088
108062
245000
70974
11964
54364
18637
77305
79221
67510
117146
68011
67332
668137
381813
225348
17714
237336
68092
20335
223754
110809
57773
72978
69802
66420
66541
232533
70556
319945
70456
17688
13418
17749
74195
67848
66799
66050
212508
99480
66213
78294
81000
12745
272428
67456
226970
18770
53330
244281
211948
18715
66656
67366
140859
208194
237898
12686
23834
381759
20588
77683
100213
19091
170768
21855
226419
67712
66929
97387
26448
243819
57874
26401
211208
70266
76561
56150
20135
11778
12235
242891
22348
22215
26372
13063
242894
56717
72194
19981
20657
54384
20592
71889
17156
30057
12035
83493
22202
18671
68270
69301
319195
246086
16790
83703
101055671
69131
338367
58988
72404
14584
66552
114713
67815
72477
109264
66588
54614
14897
103967
74486
66328
80718
70797
67028
17954
231832
215201
64340
227644
17339
24108
170745
102414
80913
69274
68795
110323
22166
75786
72946
207798
110954
245423
108682
224661
67469
26419
20218
18777
102323
75320
12193
19125
66390
232910
71137
23980
232087
231238
209091
103733
67738
213773
56212
21975
18704
208884
17347
19301
268822
228094
76877
317717
71957
69123
14109
75471
14598
67921
56508
74080
19941
27376
57743
234729
233405
328572
114641
13211
94176
243168
23790
98999
23917
19056
242341
19988
50527
15360
320635
53857
56715
56612
20833
75234
78070
109674
21672
20068
68776
19349
20873
67615
12531
140494
11740
83456
114896
72157
14694
66480
270106
20901
70604
64898
13852
19691
227800
53612
641376
106861
20815
224836
108143
22782
240174
666806
70980
66681
19025
74104
24110
15182
70546
69981
68904
69660
214627
103724
227682
54161
268390
98386
71941
68969
329015
666468
26378
104570
67184
16646
68126
66483
240505
101568
109054
12331
212862
100048658
64050
20975
26356
19345
227099
60611
20005
72061
56351
15081
69386
12455
100978
70918
170787
21841
81489
76936
67841
22245
13350
56527
329504
72947
66892
268449
53379
20085
170441
68048
67470
66072
75387
94220
333433
20054
67186
26444
56384
208718
228960
12322
74126
66368
72960
20022
66980
225849
72108
20867
100226
56695
13680
27367
80286
208440
20115
67091
19182
66878
330914
52915
20643
213603
234155
65967
26900
70428
14688
74388
57808
52686
78697
54169
67800
108841
26370
59047
94282
79455
56068
224088
93761
17919
11973
234734
26447
98267
55988
12798
20042
19378
74055
224481
110172
19896
19989
226861
17268
13191
109820
19299
226720
319554
11847
26462
20104
17260
107182
19933
231045
218490
18557
110460
231201
269400
19207
70335
108011
268936
382137
15354
13627
27366
15228
52670
66413
57740
110078
11854
23924
67942
320795
11946
18813
67443
20116
328099
244144
16573
68053
232941
381801
241525
13858
66913
55936
11771
19921
66634
66887
18045
225724
404634
319184
71365
212999
74246
14635
110911
26459
68262
12972
27207
72607
216080
21679
17768
21925
216850
216820
110935
66197
19090
12567
67166
192287
67337
98417
71787
12040
69983
59092
56443
57138
20527
232906
50492
69191
93692
76467
50880
27405
18655
69159
26422
214742
54601
50768
67078
56294
240667
140630
19053
11529
11843
14570
53886
227620
13175
76577
66978
73122
233900
331026
67512
24086
106529
320472
69718
74129
13682
20773
67196
193796
26943
72881
102502
12638
320615
268933
99371
14853
12467
66500
11656
14073
74351
66089
78889
11979
50911
15467
55980
75137
100043597
104458
71713
71884
229593
56461
269261
56455
57317
100340
74354
77031
76608
19942
545929
170930
14230
56274
213990
211347
72055
26374
20826
56794
20524
237107
68995
328845
100732
209027
108097
74340
338523
71147
53621
20088
140499
66894
59050
20869
12663
21374
231430
78816
216848
11982
11639
18598
54128
238880
19338
545486
13831
24061
17274
59029
59025
229776
26961
236537
110750
75914
223918
16562
74121
66676
12861
52432
67333
11938
108853
67426
241113
17901
71330
76826
70620
213326
245525
22209
208643
21399
26443
320707
238896
18194
67229
67131
140918
227960
66234
244672
381605
19060
68193
72065
52187
75581
13026
12292
54636
53380
66863
20616
407823
13808
320632
66932
22791
17254
235533
170442
72201
108737
56324
194744
14683
100043813
77579
66865
66290
18125
71986
78943
26921
11677
233904
329093
52856
14263
192193
235674
75691
214944
71807
20637
11981
213980
231821
19088
224703
20843
14977
54196
20639
66286
211612
216739
73998
70549
14682
22222
268697
320790
28042
11856
192170
12648
140781
73086
216169
67071
271424
214897
18458
56437
26386
11430
69047
11765
19035
11307
19340
73683
70571
214804
110895
66101
329908
12728
19726
18803
229949
14651
140500
218268
20130
230674
226977
52250
237178
18718
382207
207181
12660
330177
19159
108079
97761
74309
228136
18761
26416
170791
227541
93765
243621
320571
74123
68267
70727
109905
20539
381085
107747
69608
16653
73130
26569
245638
14567
15511
12315
19324
71412
60530
20663
73316
259300
76051
26931
241656
56036
22317
213783
664883
29869
26987
224624
12290
15258
231098
18479
23821
22324
14673
18750
240057
236794
103775
79196
13548
223920
207565
277468
20698
170835
270160
29867
69581
15204
56542
30963
239436
20479
68961
235040
18747
67844
20497
53608
15170
11666
19428
67543
15528
22210
109331
100038882
67475
55949
69994
21683
18746
19384
13589
18459
246696
12313
15289
216965
140557
66235
20918
12323
15382
23983
22335
319173
73458
215332
229279
22187
17904
14348
75560
226751
233204
56469
19353
106957
11842
19877
97908
16580
26912
233637
237880
320769
433806
434233
621832
665155
100041585
100043039
100044627
100044633
100101806
100862455
100862456
102637269
102641086
23999
18521
19139
326620
100502861
