321793
64612
445208
30068
282672
393938
317737
406330
100006589
768196
30380
114426
100136865
100003481
571753
562904
570613
30477
560753
554091
402935
100000775
445290
334488
393867
324560
406339
259183
30480
393545
569698
447942
326857
445175
334195
323445
386614
321346
322493
322229
100000026
100005717
553412
553166
450084
550457
406386
406443
335195
393941
100003223
325561
378848
333979
373082
323509
795133
561390
30678
564915
140512
140539
140540
140541
406757
795104
100333644
553351
394027
336812
337240
393555
641484
560549
563818
378851
550550
324475
368504
83915
556484
436672
541388
541380
394060
323765
562166
436883
564370
324307
570907
568448
100149273
436839
80973
30483
566591
568838
321807
337142
317732
558728
560560
406419
393124
492770
449777
406774
100006858
321928
100002225
317764
793200
368483
100004402
323628
406483
562669
556684
450078
553029
323645
573998
394083
406637
641289
793349
436746
503532
415189
792689
572518
394067
336839
108179027
415150
406353
561653
557518
553496
100006147
336867
652982
323922
791182
323365
548346
448942
100144569
317679
436849
572250
553410
799805
393361
336063
100136866
436828
559037
266796
564068
767706
556995
378968
792097
324201
336421
324823
415152
492477
777756
563201
436598
393993
557397
394166
402966
564424
321504
406405
492487
562138
100002015
564149
415202
436817
393722
334582
322126
567548
571189
394246
327078
325603
564413
406773
619269
552997
386661
436905
554967
492805
322846
798997
406349
405839
404612
393455
386801
100537809
559340
793785
541325
550267
558997
337386
556273
436724
568631
446117
386707
192302
562714
326716
337236
561138
550560
394059
64278
100037336
368260
266638
393778
415247
100001316
373104
447860
192307
100000935
567912
393676
393622
567157
406780
393926
65239
445505
559477
559395
406667
436850
563896
394151
100006625
324025
415213
394001
327197
324855
393963
393809
325586
393174
556236
393833
79380
327263
541344
793301
336786
406369
393168
572027
369190
406776
359840
327447
767765
415244
567306
100333543
394113
559308
436709
192336
559574
324486
368620
613144
57925
563643
266798
553288
282678
791855
405897
195818
321107
335654
554135
794026
100136875
567006
100005849
30083
558237
553616
336984
503731
327133
571965
321948
393688
100331575
317644
321544
192315
58149
406541
100007788
436808
565503
368275
562651
321795
445246
393539
335865
336625
565063
100037312
322160
550323
571959
407728
557574
492510
321857
100000526
554177
553684
436690
553594
550559
327491
566188
492817
791795
393584
393544
606595
393480
321898
566553
560455
793414
323464
100006377
406285
100000122
321035
259256
557824
437002
553775
402839
394096
573437
415204
445154
550498
100270734
692329
406329
436702
327321
436740
568419
550502
562037
100170805
100149268
100148916
30100
321931
796456
571487
393520
554861
768171
321585
406282
492361
550494
445302
321897
791999
445494
393858
386632
334466
562014
569525
560667
406268
406359
565235
561983
327288
568332
393121
393907
192331
448949
449827
557254
641329
406824
280647
554146
393641
393476
449992
553787
556710
368284
323426
566749
565059
30453
550464
436589
100005529
566078
550531
494532
558184
323239
431772
100000660
100002072
777632
562019
192332
447859
192327
192318
492514
791155
100002893
560222
503783
321555
447941
100005887
565434
562703
798985
445168
393482
100101641
324365
402801
393990
556667
445202
447833
192299
436633
791206
368425
323737
337230
751630
192324
100535720
567601
114456
406618
445041
393536
393443
326944
494106
394119
556132
550373
100000325
550350
406455
562149
170784
393648
100332089
324554
436932
324079
399479
795752
327341
450008
336712
393935
415174
368262
368827
100333269
550514
553555
449655
436749
100007636
405899
436688
794238
566539
399661
100332309
404599
334398
394008
503534
336283
100001302
393793
393538
30573
792787
415236
415235
30187
560313
327237
406825
767675
337866
561933
322265
553606
266640
664754
337565
321247
393362
326825
450056
436797
352941
570299
567899
492460
286784
567621
565592
30203
100004173
606663
492506
387255
445385
447802
494060
558581
393215
793730
796750
322513
260439
406778
431773
567370
393967
564750
562995
336823
796388
393838
393618
556465
436999
571688
799782
100537803
100003553
563948
100330411
678549
768119
326652
192312
450000
334393
664769
563215
558075
553452
619255
569168
406495
797473
100002261
447847
557199
266989
556379
445283
282615
327330
100331282
560526
415148
64275
321127
569795
550364
568741
100101645
570007
556797
562607
445388
394181
437017
566350
406698
368412
558042
557513
569100
393323
325106
436934
561703
327232
557693
334337
321058
570720
324153
406508
565563
326734
170454
559938
402827
394162
436914
560945
321636
323482
393095
558120
393962
436727
393911
768133
563175
192338
541386
415249
560140
394131
100537552
368235
322347
403068
565000
368417
563993
415193
796345
446116
100005449
554509
431738
445245
334380
336149
446168
406408
394064
58013
767726
567879
436646
556286
557127
799099
393206
404041
321732
406293
550401
324822
724049
321130
393226
393613
432375
323197
557494
30644
504109
569063
337487
445472
790934
100073333
406417
550247
678520
192323
337690
393740
553318
404623
322251
553750
100151762
560242
553758
560541
450074
724014
393458
751733
30450
100334661
386709
393966
560986
565736
393279
100000326
393636
553665
564552
394145
553627
368640
393359
406299
561061
407614
394002
325292
436640
553981
334446
550396
334669
798352
406324
494064
554886
100034522
447857
492341
335124
394107
492812
321289
557186
368924
406765
368925
799716
393881
393960
394078
735250
192313
406378
327373
403072
798918
406372
405834
321602
394050
566033
334307
641490
567078
394196
492483
327268
321940
378844
393973
548340
406479
407673
641323
552978
394132
557646
569666
321452
445327
553523
445207
407722
402979
556590
567547
571772
550440
405851
100002034
406694
100538220
393262
386590
393097
100001019
406635
563090
393753
406266
474321
559391
140428
323918
777754
559136
321652
100009663
406643
406788
100330979
569532
494134
568076
30065
436755
558173
445143
100038789
100330817
798901
387304
492478
492549
449794
568158
550234
393436
405867
108179059
445096
100144553
556362
492676
402822
393737
447897
406600
570761
393185
325886
474327
563460
450081
100320774
394137
554143
794589
252913
415167
553068
794689
415250
447888
553682
30482
793906
556392
100534954
100150438
573122
564633
406669
30431
334897
393469
449862
767808
797196
751707
394133
394017
393770
449805
406766
553692
450054
323529
553651
321945
100330257
406457
386806
567770
449945
337583
541352
323012
321614
393789
554134
556864
447922
327011
394053
564110
321745
100004941
403035
192325
436772
407720
406288
570351
564015
100005158
445170
795154
393957
406436
445492
321611
260437
553324
796803
541509
286745
553013
100150980
564961
326098
337810
558947
373092
325317
100002035
393378
570984
335817
406707
252846
692319
792925
565501
100535182
497165
561797
100002293
557981
393769
327060
553471
796785
100125912
393983
562144
100141364
100535877
403052
792029
436962
335339
570360
561303
558321
402785
325699
100332215
323203
550434
368909
436812
100307076
394037
100002902
559329
792398
415158
100038776
324254
324835
572109
794006
678558
553406
571453
562592
793663
337412
791142
798527
560323
447814
336641
100000073
555317
323746
406713
108178997
565345
768159
562701
550274
569945
259190
100034485
558964
30086
560165
445233
406383
564866
393593
100006189
393839
570731
405859
393535
606657
445390
563130
378837
777766
394007
573376
394176
571337
791730
436968
492614
493608
555994
100148522
559448
550276
562720
100462714
503751
557682
563589
30114
436664
563270
503590
406627
791612
570148
568615
30188
415183
415155
100034627
792699
569667
394140
791197
114464
436918
550564
561568
569734
406606
550322
406387
447912
565850
333996
677758
553222
654774
405814
323538
562474
678545
794574
322811
336727
767700
406303
436693
568182
336612
559853
568165
562075
333997
570477
541327
100126024
436821
565931
368390
557009
100000479
558053
561117
192321
406783
570430
560297
557008
568862
445053
378961
393274
641489
405846
569495
100332088
567385
322645
447830
100333293
559473
321485
563540
561626
322599
405822
387531
100004801
794291
393865
333952
100003419
553618
568678
562628
556642
494054
566075
555187
393273
494453
101883461
436614
795933
406623
558578
436891
431757
405854
195819
317747
572231
557632
568805
799650
368433
100536317
436721
337199
565276
494105
336702
406529
571870
406575
406449
550579
394076
100004171
569432
100333008
406690
565482
494101
415211
641576
555643
336632
563597
445215
100005300
557205
447850
335539
561459
393723
560602
768135
100534720
558667
569482
791628
565702
406615
337148
558312
406445
570745
566106
562857
335226
321129
554099
324468
562460
562868
493606
101882035
497562
192339
30502
322571
557377
324944
563890
436611
393725
393634
321947
445220
101885883
326929
794259
562982
393979
555566
641497
566947
562813
565888
436760
402995
323181
565316
796174
552931
405797
557270
561995
560417
557858
393553
568666
768300
324940
497542
777621
492678
553610
337007
100526683
373867
767802
403021
100126232
323305
550581
791894
494092
336710
792224
81885
407638
101882707
405786
100170781
393846
553513
322614
798259
445028
798771
560412
336568
569539
793658
556625
572146
406325
492353
30181
568740
447918
324466
100009661
566165
566022
561025
378713
436644
449780
57930
561182
777711
568367
403051
405780
393880
445404
117507
553755
322425
100000836
140620
566086
564875
557931
568170
325464
558153
406489
100333576
494030
393774
103908687
554097
436624
445499
449829
394161
550432
767778
101886382
558011
393934
100006454
327496
336121
569277
359839
445199
562283
327417
494103
560030
641491
437019
791478
406428
100334730
321844
415190
562834
436628
554998
436677
415184
406696
555379
541373
561503
561541
406608
792824
554092
541324
100148383
557121
550585
334208
402939
100007313
100333040
324655
494112
572548
406243
415206
565026
402838
445097
777624
550448
317763
326954
553757
541488
564478
553646
563546
393313
556504
570112
561817
334273
559093
448893
541405
574003
555340
324267
116994
327439
100005033
553671
436973
334283
393747
564924
450057
565338
437018
494165
562355
393589
798361
494534
337333
561662
445319
327089
406297
494133
541525
393697
334627
325618
30724
445027
406791
445126
324125
564814
550337
321726
556849
562839
100147915
321114
406358
394046
431717
393801
100149838
387530
393216
799441
559001
394144
394194
406721
406794
572430
321769
100170786
562963
378998
327625
100330945
406404
554124
368229
550445
445055
554127
566686
559665
100093706
799058
335736
436735
393686
117508
30707
767763
793293
565913
569104
336391
558810
494084
100333733
100149301
558937
327332
406440
574004
568505
557752
436715
406836
793792
58123
334618
402983
266797
171585
558525
100148604
373131
431751
100004736
567117
393344
494109
566657
559132
192301
327577
767714
393265
555725
170581
393210
403085
792832
559029
317746
799918
334116
566079
564551
100003805
777765
572649
393194
431769
386967
751743
492467
554155
100002040
492801
335025
563654
768189
567021
100005183
560856
406681
100001905
557628
431754
570732
325366
334588
445398
568160
393971
405894
791214
560751
30094
796580
402896
436794
402934
564097
564527
100003587
570108
368316
569471
559813
560881
768170
335538
561959
550279
553631
557642
100009657
569124
405821
335716
560566
449662
561717
406292
436952
567172
562945
100330290
100333199
556226
572435
325631
100003595
541370
336977
550513
560000
326033
570194
799901
100535634
322209
555484
553623
559562
378458
415246
116713
554108
386634
450079
334465
569358
100001198
407732
566841
556495
100073343
562849
799094
100148154
30572
568265
792560
100536636
100150844
415185
541556
325470
564127
445085
565206
402972
550547
797250
30722
796144
393374
100005763
792752
334633
560386
406411
566412
394117
170455
561670
570260
558344
567055
406786
563124
406610
326088
565988
414329
555590
100170793
565728
541523
555941
571520
322863
570695
100151158
373103
393105
556413
393953
325042
792983
100034507
327466
100330514
322106
557486
558900
100332057
553744
494089
562762
100150090
100150288
566010
572226
555552
100536575
334121
394098
565379
554140
541365
100003206
100334442
100331130
407980
445076
568932
100006618
100334289
393426
566367
606498
445045
437020
558956
335370
386644
561355
334135
572312
795095
797354
450062
553636
322237
378453
100329721
100005807
282559
751729
550134
393710
30084
30296
30488
30731
30736
81541
117604
192298
192309
192335
246092
266982
317741
321051
321564
321622
321899
321938
322089
322362
322482
323055
323346
323653
323956
324416
324574
325402
326931
326974
327029
327082
327143
327215
327650
334086
334222
334373
334561
334682
334728
335231
336333
336473
337155
337226
368907
386613
393098
393164
393175
393186
393282
393316
393427
393467
393706
393802
393856
393946
394110
399487
402841
403077
405840
406684
406686
406702
406760
406789
406807
406820
406821
406831
415181
431743
436638
436710
436862
445094
445209
445238
445255
445305
445473
447920
449653
492355
492643
493617
503607
503758
503934
541355
541392
541517
550230
550287
550413
550415
550424
550466
553629
553691
553734
554200
554736
555308
555945
556054
556748
556956
557551
557648
557765
557875
558034
558142
558395
558752
558764
559632
559656
559762
560225
560638
560827
561143
561618
561835
562242
562769
562909
563172
563181
563962
564842
565968
566557
567134
567396
567420
567478
568195
568316
568954
568999
569055
569156
569227
571373
573415
573492
573719
574005
619253
692325
751758
791220
792833
793359
793952
796454
797715
797914
798632
100002454
100004272
100004576
100006041
100034417
100037338
100126027
100149794
100307098
100330358
100330570
100331149
100332206
100332293
100333801
100534785
100535417
101882012
103908640
103910581
103911693
108179092
103911965
415138
327026
567587
323005
406582
100037365
394048
557840
553677
555345
