176118
179796
177921
259738
266822
176059
178130
182614
177775
175079
178104
171958
172262
179469
3564807
181680
179405
174318
174844
175540
175311
180875
174161
176546
173891
188150
172751
173424
176992
182756
177460
175693
174438
176785
177389
173385
190455
171768
173525
178028
179026
178025
172464
174493
173971
175998
181348
179641
179486
177456
180880
24104681
174924
176865
174821
190566
177161
2565702
2565700
2565697
2565701
176390
173152
179655
175628
175796
175584
174330
175081
179424
179626
172433
174963
176559
178491
181368
13181740
3565996
174279
172302
178956
178402
175376
174073
174571
176257
173223
181324
266836
176374
173051
181488
171769
185707
172035
178311
177604
178828
180317
181620
175012
171872
174050
266842
179500
172259
174803
172718
177973
178016
179678
177903
259455
179488
176718
176653
174375
177725
173414
182509
175908
176031
174233
178156
176348
266859
180449
177906
266847
179413
173846
173341
181807
172818
172280
176221
179388
182812
175047
174736
191608
173747
171601
175449
178407
173297
175801
179502
177897
173269
179945
178544
180644
175863
171954
180443
190640
175433
173873
176011
173204
181681
172070
175936
184169
3565046
172733
172977
174630
172587
177524
173118
176758
175015
172752
180695
181136
172301
173075
180162
181492
175877
177057
176682
176554
173067
172530
179241
175192
24104835
174449
181759
190078
3565057
176639
180468
178469
3565860
172613
175549
171917
179959
172979
179567
178284
179160
179395
172639
173168
179967
177636
178060
176837
181528
176044
181649
175524
179994
179013
180859
181030
172655
181043
171723
177793
180770
181570
175299
176743
176334
180713
174624
3565222
259584
181729
176140
181331
173500
177530
176755
172826
266858
178988
181299
173175
175613
174144
175982
172137
173952
179998
186194
179193
181644
171897
176271
24104302
176383
173176
192051
180691
176504
172353
178935
172758
177475
171784
179948
177709
176989
175716
176511
172468
184848
172939
181172
172028
176761
179096
181422
181244
176943
182608
172855
175614
24104882
177631
181399
3565633
173136
180003
175233
175861
173160
179202
178658
176195
182257
178790
176857
176664
183953
176019
174148
183540
172965
3565068
178183
177217
181761
185213
174308
175475
174238
183643
176377
178937
175490
176196
173920
175851
173807
175522
177770
174978
171749
173859
171747
171893
172920
178259
179246
177325
175218
176424
176697
176560
178344
176454
172311
174840
173867
176914
177416
171590
178872
172904
3565273
175668
176381
182322
175771
178077
175521
174534
179440
191629
173384
179801
174527
173220
172713
174329
175507
178398
186756
178070
174314
176067
174471
171883
177609
174991
174900
179963
172442
178321
175205
174072
175971
172648
171874
24105155
172406
174159
185146
172232
172146
179178
173100
3564983
171821
176646
173874
172327
172213
173228
177589
259606
179642
177856
172981
191043
176421
173225
172986
177841
175492
175916
173581
4363023
174737
173832
179576
177847
177128
176343
181218
173783
180175
179721
175913
179884
172739
177685
172584
179653
181652
179519
176874
176458
176097
175537
176226
190802
183743
175703
178458
178670
178303
176997
175650
172296
171710
174785
187120
183250
171790
172728
176499
178487
178084
174168
179306
174482
174295
174410
182030
178285
3565940
24104726
178387
178348
171792
179394
174311
176338
179091
179063
178154
177999
175715
172479
177017
179418
175704
3565539
177764
188911
190436
175940
172511
178052
175059
172344
175666
177855
178823
179971
174749
174132
177891
174198
178989
174058
3565629
175621
175972
173439
175206
175096
179875
175414
181157
180856
180554
176731
178502
171765
259373
175555
178151
172913
178304
176497
178229
176131
176099
180123
178053
174019
186828
175497
171860
176765
179634
175548
176563
173440
174192
179374
179521
177942
177875
180047
172180
176625
183240
175903
178960
177926
175787
180800
175774
171915
177979
174150
192053
177978
178217
179028
172978
176051
175944
172009
180608
177453
179409
178143
172954
172432
172838
174290
173236
171881
175094
174151
174712
172585
176609
176983
177896
191627
171700
175809
3565366
171811
174958
3565035
175556
177894
172434
174038
184847
192052
181647
176179
176369
178845
172221
172081
175500
172471
176162
171918
177607
13191153
175664
3564936
176462
174841
177002
3565786
174392
172704
173311
3565470
173912
186604
175900
172285
3565022
180844
176507
174216
176486
177511
189267
172820
175536
174364
174268
3565889
174598
178434
173962
178723
178846
181384
179853
177538
174816
3565578
174353
177560
174288
179115
173437
186841
181228
181711
176815
172148
185438
174509
176872
177318
177339
180369
175337
180010
181428
175529
179419
3565732
171602
179274
172565
179538
175702
174077
183652
176375
172145
189194
174514
174674
187474
176649
176106
178184
177235
174004
173028
177533
175082
181280
176032
171697
187658
173389
173779
172956
172680
179454
176733
173930
172664
181065
176838
246008
181999
182350
178874
181417
180655
177566
175571
179680
174843
181066
176461
172408
175474
173023
176679
174689
172538
173927
179902
179442
174296
175071
171743
172864
171694
177964
175995
171836
176509
180721
173819
185946
174669
182392
175725
176344
172267
183546
174093
174254
179109
179947
179300
177486
178277
178014
173778
181565
181091
172628
179829
172815
177678
177532
175886
175600
171953
172226
178561
177622
172668
182050
183311
175709
174506
190338
175697
179267
176456
174908
179000
172478
172184
180073
180809
177403
180232
184910
177442
183479
179618
175476
3565412
177968
185357
174556
171864
177497
176808
177914
190914
173964
179437
178468
177212
190601
174572
174434
176028
181538
174165
175599
175088
189479
176061
176410
172636
176043
172033
180478
3565979
3565680
173510
183426
174968
182351
183288
186854
176258
180791
173141
180017
183941
174332
176742
179352
176749
3564970
177349
173768
183186
181723
183205
176515
171834
178483
172258
180326
178346
172676
184953
179510
177845
176688
190860
186814
172412
182863
174602
3565030
171957
171914
176241
184886
179669
176292
173354
175306
173696
173353
175413
177706
180992
181597
181153
172744
266648
181335
175980
176120
188279
181398
172045
175853
177787
172029
192085
180324
266825
176991
177363
183965
174752
180810
173809
187442
179839
174725
188513
24104671
178008
185086
177046
175525
171691
176928
176431
179728
171857
172167
3564805
175070
174141
177985
181577
175331
181423
172778
178215
174266
179572
179079
171692
180504
177528
172357
184068
172698
181527
174778
172684
180530
174945
180699
181464
177336
181495
174872
171801
186775
176409
172711
179366
172705
175840
172118
178507
174016
181944
3565081
181863
174350
174351
172343
181096
172252
172888
172532
177807
174836
178350
173040
184091
174577
190551
178522
179720
177965
176361
190203
176631
174762
3564939
183197
176275
180456
174310
174665
179154
176503
185569
173072
172754
174379
179315
172589
176380
173235
174417
172603
176440
178834
177943
172134
176015
173325
175419
180463
176013
179936
172250
181076
24105307
172313
180698
174834
176143
181393
171734
176773
171696
173843
177895
176891
171949
171809
178040
3565871
178201
180444
178397
174431
180309
176328
190579
176798
180923
171716
177254
182429
176540
3565514
184717
175051
179362
172735
177480
181886
266853
180949
173358
190777
179243
189472
179555
176109
174695
172088
178045
175469
187434
172755
179587
178524
177340
176071
178078
178176
175727
180074
175357
175902
175153
180356
171922
3564910
172881
176921
178160
178068
175561
177646
179358
180748
177101
172805
175458
174842
183860
174870
177924
182093
173272
172693
178297
172679
179854
175712
179612
175056
186602
190510
179526
173795
178587
177783
174418
175501
176089
176392
172901
172238
176387
181195
179795
176668
182414
175398
172414
180042
174166
179436
180160
172172
172127
177681
178289
190251
173065
174621
177822
179321
174275
187322
189240
175152
172660
175786
175691
181274
183993
178980
171853
190374
177987
180251
178326
174126
177345
176142
180830
175467
173260
172732
174965
176146
174090
177615
173370
181584
176759
173304
177666
178419
175975
180663
180168
191697
178777
172612
174999
179649
173134
177503
178945
175512
173985
181163
172201
176643
173435
180072
172190
171755
178190
185044
173346
178083
178006
174005
179715
181467
177658
174378
179765
172539
180701
179364
175288
3565442
177495
192084
178501
175472
171685
176244
171965
176327
175606
176145
175436
183469
178117
178597
174525
176466
172278
182989
174246
176180
181311
183400
181671
179852
174140
175217
172779
172922
175966
177073
175080
179964
188748
178939
173156
175742
178278
179537
175185
175819
175728
176596
175818
180548
176770
181334
172477
190954
175659
172999
180628
171919
180448
178279
175922
174748
174131
171963
172697
171750
181650
266820
191634
174848
245996
172802
174645
174758
177377
177918
180181
171751
181380
179227
174812
172869
177580
176858
174217
171647
173232
182278
176054
173207
181421
176498
174608
178364
179533
178620
175461
172116
173744
175105
173945
180343
191713
171621
181131
173332
176353
179213
180311
177294
175647
175768
172868
173347
179789
173078
177170
174322
174450
179941
177795
174516
189371
177840
176612
187448
174339
176034
181511
175257
172062
179507
181021
177513
189705
13188172
171952
176078
174423
174901
175731
177419
178504
180984
174648
177679
3565400
172264
179219
178538
181611
172216
175710
176321
174305
175862
175162
173192
177954
177857
176216
179674
178000
181441
174790
176002
172748
180864
172767
179749
172768
177181
171876
171592
171609
171643
171675
171687
171712
171736
171816
171817
171950
171974
171993
172047
172079
172097
172102
172147
172229
172298
172372
172401
172409
172451
172510
172533
172581
172617
172647
172784
172809
172812
172891
173003
173062
173074
173121
173150
173159
173162
173163
173164
173362
173374
173403
173408
173426
173442
173577
173631
173671
173898
174017
174031
174033
174067
174091
174125
174187
174203
174212
174230
174242
174274
174307
174309
174373
174394
174440
174513
174586
174678
174701
174708
174738
174743
174750
174776
174839
174871
174875
174912
174940
174947
175026
175029
175033
175048
175085
175086
175165
175216
175231
175252
175285
175320
175344
175387
175389
175417
175435
175471
175528
175551
175559
175565
175603
175739
175772
175791
175833
175859
175864
175895
176005
176016
176125
176126
176224
176225
176230
176232
176260
176273
176399
176402
176407
176432
176490
176512
176534
176552
176555
176677
176686
176757
176764
176811
176825
176889
176922
176929
176993
177004
177018
177089
177111
177142
177182
177213
177238
177242
177243
177256
177332
177354
177370
177406
177424
177518
177527
177561
177595
177626
177648
177664
177808
177852
177858
177922
177951
177984
177994
178020
178049
178067
178069
178113
178122
178126
178145
178171
178219
178316
178320
178452
178505
178510
178536
178563
178572
178614
178634
178645
178680
178754
178829
178877
178963
178964
178965
178966
178970
178997
179010
179029
179043
179046
179081
179100
179113
179168
179190
179192
179262
179266
179314
179340
179357
179398
179404
179445
179458
179527
179529
179584
179643
179676
179692
179752
179771
179772
179808
179876
179935
180011
180055
180100
180119
180183
180361
180371
180393
180400
180450
180464
180557
180570
180600
180632
180685
180687
180692
180703
180717
180746
180821
180824
180873
180876
180919
180947
180950
180964
180974
181007
181044
181064
181067
181094
181138
181166
181248
181258
181264
181285
181353
181370
181404
181444
181472
181473
181524
181578
181596
181618
181633
181668
181726
181727
181736
181764
181859
181904
181905
182127
182128
182291
182292
182352
182694
182987
183065
183165
183168
183295
183367
183547
183811
183948
184117
184126
184167
184337
184373
184757
184864
184917
184934
185035
185243
185332
185673
185840
186044
186196
186251
186276
186326
186372
186440
186511
186670
186798
186855
186939
186960
187001
187141
187290
187335
187678
187779
187948
188574
188657
188968
189077
189085
189112
189172
189195
189590
189698
189836
189976
190101
190108
190207
190312
190364
190485
190630
190868
191420
191612
191670
191675
191679
191681
191745
191746
191747
191748
191749
191750
191751
191752
191753
259478
259544
259721
259839
260198
260268
266646
266829
353380
353384
353486
3564790
3564937
3564941
3565059
3565151
3565206
3565407
3565577
3565580
3565648
3565873
3565955
4363014
4363033
4363084
6418709
13224720
24104374
176158
177413
180700
188925
180591
174400
182321
181110
175852
188852
175890
178499
172969
