204
476
817
847
2203
2271
2746
2805
3417
4199
4893
4953
5244
5495
5501
6549
6652
6950
7167
4189
1121
2752
38
2547
270
1727
3099
6876
2624
3175
5602
1339
2729
2180
4143
4802
5132
5245
6514
132
218
1376
1808
1809
2937
5864
5876
7533
10971
5701
5500
6184
3309
5781
2998
2770
1180
3416
5111
2781
4519
4512
4513
4514
821
9391
1181
1186
3921
9349
6189
10575
3148
10000
5172
2923
51102
9126
6453
4800
3508
5160
1629
10469
3157
2665
162
6430
5684
535
5873
48
5601
10890
983
2626
5045
9748
1965
1266
23256
54704
7532
7529
8615
64689
10539
10484
1454
26227
5605
51582
11337
4905
5356
9217
2784
8417
6565
3028
10111
5082
11266
9197
4361
7311
5297
400
9512
8402
64223
4942
10652
998
1642
1967
991
11311
7086
7150
8065
6449
3658
3301
81855
9045
5289
65082
1807
8607
10247
1264
56896
10327
93183
382
2710
9230
80273
29927
51752
373
3978
18
262
1737
2771
2959
2992
4598
4928
5298
5358
5898
6146
6227
6638
6646
6741
4191
8766
9026
1040
9063
5710
5435
11313
7416
7417
6610
8647
5048
25885
84172
10114
9360
64902
2224
6319
5564
5707
55968
375611
2958
6198
8892
10928
51179
8540
225
1182
150786
902
11127
1641
6642
11218
7353
8671
23451
2237
3065
9054
10972
8867
7514
955
988
5695
5981
4673
22872
9588
3420
9527
51552
51703
122011
1361
9578
26003
2182
2181
6814
3419
5608
8789
26574
56301
55361
8802
1811
518
6804
1615
5899
1173
7415
9373
6729
10486
9267
5193
32
788
1977
5520
5052
6564
5700
5636
55234
5471
23095
9039
526
55666
6217
10947
8775
1759
9352
206358
5715
527
27032
6873
10257
1736
993
64210
26985
56886
26520
818
1022
3832
5908
57172
506
8536
11004
701
171177
4830
153090
51388
134218
10524
10525
5586
9879
5250
84920
84365
27339
80146
57546
114789
23682
51389
114876
5496
4836
2288
6790
10901
3308
10190
66036
8879
10130
8576
10131
90850
89941
7265
57396
10802
51128
201140
51003
1497
1801
6117
51763
55275
51651
9110
5709
1659
9343
5718
9400
57521
8940
55341
57337
8208
26046
8761
5983
10808
26100
51412
8468
51119
51699
10094
11021
23479
129049
2193
1725
84292
9261
51094
149281
159
2058
9213
2712
5431
64854
3093
1665
5425
64005
56902
10097
1810
5706
10175
81617
2098
84321
26354
131965
25796
23770
54555
57130
8881
3981
4552
83732
7386
7915
9712
55748
4677
167227
8697
6632
23019
10204
28987
54957
23450
3735
51659
353
26121
5438
10775
6881
833
10199
23137
53354
3833
7327
8888
10126
4121
5464
2309
84340
2966
54557
23398
10299
56922
22824
10051
2110
7203
10262
51611
93627
64116
93587
23173
55660
51074
57617
9101
64969
64601
55304
9777
9371
8894
55741
51614
51604
8813
8520
11224
55972
5165
7328
84912
2617
387
10574
27258
55164
10093
8078
29088
5887
7507
9128
387338
8438
64744
10450
64121
51154
55920
6390
10277
11079
51646
2810
51692
246243
55256
1738
394
1968
122553
140801
51382
10001
1743
54529
160428
84294
28998
528
171568
29843
57609
112936
64137
1798
372
10845
123169
26054
54464
9616
11222
7318
7384
9533
3326
57505
53938
51719
26958
8450
8905
23291
94005
6830
55288
5717
54475
146862
2145
10238
117246
55062
10672
125058
282808
29801
205564
2960
54931
200894
7074
23047
10898
90639
5723
160760
9904
5985
84274
80324
9733
5929
9462
92342
6675
1314
9156
58478
55236
23244
55300
9681
4733
10291
8897
5194
4528
11169
80005
23516
3936
22894
23658
8907
26269
29883
57604
84549
275
3376
51000
27072
22884
83592
84735
10939
55696
10915
6879
23438
3035
84249
2107
1459
57019
8467
5713
63971
257218
10055
6829
8886
1106
55898
79631
55031
22876
23556
3842
10171
1355
51104
8729
56889
84896
51645
26091
5980
84816
84135
5884
253260
54165
9693
56893
10885
10390
6884
23032
3800
9874
4212
9677
54363
10621
55902
57644
58490
51006
27304
81605
10868
85865
54556
2146
56916
4171
7508
51095
79602
5830
96764
8565
84263
85365
51010
57187
84720
84938
9829
7737
9372
4998
148932
1503
10269
51118
10946
1650
5394
26155
112812
55187
130589
6654
79677
23175
79954
10914
83475
255394
29915
64431
11103
4839
81034
11015
5756
29127
9498
8898
120103
6734
83480
4646
7867
84315
10425
23016
5429
4172
200576
51142
9330
139596
285855
8776
51765
128869
7874
64428
83871
51747
51629
79877
996
23163
51726
23759
10908
219333
1174
51184
261726
246175
4967
7444
55768
3839
55246
8803
57178
440138
8451
54888
153328
10558
55127
65258
5432
10393
6059
83693
85313
25902
2965
51585
51400
7073
4676
64318
5832
2289
11329
6428
6598
9559
51175
10283
200916
86
10424
3840
9129
10768
11091
28989
1025
26122
57703
55854
84364
23339
10528
56261
10483
22803
55661
8480
11194
5001
22934
132001
9918
397
51026
9760
10592
29929
54802
27095
54707
978
23341
4524
54497
10153
6683
25831
7443
245973
11137
7184
25879
25829
27352
25942
60490
51187
5238
10641
2779
201595
57599
23304
55759
79065
8260
9337
200205
25978
84100
7290
1994
126003
285527
94081
8368
202374
27243
55280
9673
8394
8332
204962
23404
9716
54675
90423
11062
57143
91801
64786
23464
51399
130340
10494
51422
60487
93979
830
51701
5889
55689
1939
64841
10988
94239
11157
9933
9765
80135
51490
63908
140628
5189
57464
22848
122961
10376
1656
10015
6722
729020
29926
23262
6399
56521
80221
8659
84287
140823
152007
128866
285381
27010
10949
7411
10598
115273
1104
1478
545
283209
523
10556
5202
80335
9734
51030
89910
6637
6634
9775
56341
134430
134266
9519
22916
23480
25771
6426
10785
149111
1353
5434
196294
23012
84275
80308
25874
2956
64215
5440
55140
57696
55284
92170
30836
9443
6233
23132
811
123876
51290
221178
5313
6843
4650
11040
1936
222068
4751
9941
124739
54898
990
9088
6599
26040
23623
5593
5210
10245
28996
51312
5607
25842
5891
9701
9200
9020
80114
56267
6643
4085
6241
10239
10694
140679
1184
54205
57180
2475
26231
6168
6647
9107
5927
9685
11253
26521
587
22908
7317
123872
5535
100526842
23316
51163
8513
10717
9252
54806
348654
2673
121665
8437
6397
347240
654364
84910
4200
26289
25766
829
1785
64895
114882
158158
5119
4674
27037
100128327
9704
4603
362
10537
7512
3312
23369
51496
130507
92421
2806
125965
255220
9793
57470
57476
9375
84706
65012
51099
5599
7536
10434
55208
1119
678
102724788
10650
222546
157310
4144
9397
23231
85417
7283
4820
89849
23433
7156
5291
51114
8569
84769
56848
9554
54973
124359
2197
11158
91227
140739
153020
349565
51121
253512
55176
55697
6046
6160
64848
9249
100529144
3614
5532
245972
6128
30001
51700
112714
26130
5204
730262
9878
25897
375775
1384
271
7001
6218
6882
9367
1263
51555
54926
23545
291
4343
6687
5236
222
10399
6138
6137
8668
79982
9663
2054
5965
115704
143187
84134
84696
6732
57602
51616
169026
63892
9086
55276
127845
5476
10058
55869
158866
55754
84945
2907
64282
83874
26995
22820
130872
3930
57835
79587
10209
83660
55102
9159
84971
55825
57223
128240
9576
51011
6166
5203
2280
85369
11325
6237
3622
11031
5378
8050
55810
6133
10294
63899
9632
6051
100885848
3421
8356
8364
905
4799
79730
10013
7072
3300
50804
64422
54963
8694
84930
51451
64850
6147
9987
6223
114134
158234
81875
64240
54949
23408
26504
2819
6209
6181
143471
3954
8675
79012
267
8634
548644
23309
64429
152559
54970
5526
11196
64427
203062
84264
29118
283106
6122
7991
51326
6201
79090
5702
8780
10401
6635
23446
619373
7284
54514
2782
91039
6165
55798
54517
116255
145226
84288
11284
8665
94097
85415
132954
54431
9949
344905
6594
55930
16
55757
4638
8724
6206
219
5335
27292
2230
347734
3320
4736
56681
9212
146057
55733
90655
1155
10857
340533
5225
5826
441925
91734
384
7296
6194
4207
50485
6144
55137
392509
689
5218
10449
83990
442213
10165
65055
23431
23774
10667
84076
1915
221937
2873
55351
3834
5834
27183
25886
6636
498
9218
81631
6202
56992
165324
152926
9797
388403
50618
11014
160
6143
9361
4801
85236
57107
27068
2582
2585
8760
10498
376497
55326
57687
6205
8975
7325
8463
441024
805
7403
525
1163
3293
8558
55207
55186
79582
54952
594
197322
93432
57060
10552
10723
6513
57486
64714
2745
22921
51540
9619
5230
387496
57705
9611
2305
317
158763
57026
79735
5784
25956
9354
5515
124
3980
10123
23552
91373
85443
9318
23197
55692
56254
3418
10555
163859
7272
253017
8493
100996631
51447
1974
9517
85015
29089
23081
7531
619189
55146
5357
1244
9980
5191
29901
6812
2935
10693
55676
5305
212
158584
51428
64777
55884
538
11340
9451
3613
10847
57038
23062
79446
5016
64083
80333
6136
6431
6609
136332
79654
6155
9833
6613
80201
51303
116987
54407
5928
957
5886
4809
10994
10478
54552
28985
23205
22919
346562
29920
6628
5253
2194
4850
6229
51465
9184
83737
10412
10645
2664
6908
285521
613
55636
5937
79895
50808
5161
5373
72
57799
347733
8243
10213
9097
79038
8556
6132
1316
1434
54536
84926
57519
55289
11018
5522
140901
488
54516
9690
22879
56997
4632
2794
80224
7336
57410
3299
27338
1982
6919
5687
490
51343
50814
8559
1622
9056
6717
9023
143884
23061
5470
6152
5912
58528
81555
9468
259232
11152
140461
8216
9892
11176
2023
113510
81691
27000
6519
8424
139562
55437
10254
284439
2768
51065
4626
7385
9550
5447
51202
2081
5871
79876
130749
26164
2326
3032
10129
55526
124401
81532
123283
6625
10079
374286
60682
5166
5573
10735
100529063
6626
90701
23186
2778
2767
5604
197131
9133
85465
100302736
84056
6195
5869
1455
2669
54760
8309
9914
5874
164
5479
5727
57205
8945
547
85360
8672
10465
23358
1996
5990
116983
729873
126129
10121
23338
90627
8621
378
57551
221823
3798
5562
2033
51195
57175
9905
5901
6199
23762
91452
5588
6300
55147
7334
5879
23096
7320
55753
50943
83733
3054
55633
51735
22983
3845
83549
10427
23362
8871
5861
4211
1108
30844
23193
29966
5494
5528
106821730
57018
480
26030
373509
4858
8408
3276
9910
9470
774
80331
80736
5058
1509
140856
5606
7409
5582
64926
9743
23043
84679
79085
1021
6793
9149
5286
1453
51564
10217
390874
55630
79071
54734
51475
8925
22858
5260
115201
166979
84961
5566
6557
23522
4217
5777
144245
5042
317749
3336
1452
9636
5631
140432
56605
1933
6248
23603
7007
1340
5315
26986
4670
81894
808
84084
142684
728340
728635
100302138
100422910
100422995
100500840
100500842
100616250
100847046
100847052
100847079
100861437
101927446
102465978
102800317
107986404
5243
3146
56903
3149
27127
23233
816
144983
5093
7419
8365
153201
220988
7316
11269
140465
90353
2844
57634
8362
137886
441282
375
4522
6093
5439
374887
11344
5094
201158
152206
