456723
457152
461445
451116
465260
457851
449581
450664
460113
462853
742713
459027
748364
470365
462795
470457
453394
739754
451799
744984
465737
456450
451528
465902
457144
458883
741291
100615570
460672
746173
461358
742678
742732
461631
450555
456799
469614
455205
460848
450902
468186
737945
464070
462171
745328
455857
100614714
458778
470302
463632
459118
460673
464733
748225
465336
472425
472560
450608
458081
458693
807858
807866
807864
807869
462330
741901
460890
453817
747747
454619
450907
745811
461606
100609583
463654
742723
456690
450731
473975
748395
451384
465525
457056
455667
461892
450283
458967
453000
467469
454685
453455
465034
462336
470332
450481
472698
453652
450716
452980
469388
452835
472819
463489
458272
461243
747594
450828
452871
458829
739534
456390
464324
748888
454819
461557
469984
100612078
463004
460627
465649
462054
473052
458016
460796
737902
735674
470256
452171
463631
468167
453830
450803
463919
456609
451234
467184
456819
457267
460443
458252
466773
100609678
467731
746627
450683
735578
455385
452326
464330
460670
740532
455734
459088
741418
746576
452892
465555
743711
471135
460669
471835
461843
468936
453903
472092
466780
744773
743356
460765
467175
450971
457291
465817
737424
100612505
737911
744238
457553
459721
463484
453523
100613620
461202
455403
100192399
458824
749332
745717
738876
462928
470717
454422
459373
459495
451109
459718
471573
457366
450676
452297
470674
469859
742668
453483
468426
453042
455292
457163
740316
466952
471346
459601
739351
450168
473733
453503
457107
458650
461271
459850
451242
748850
745823
453045
473959
459534
458146
462736
464723
461174
452083
461210
469589
458048
450112
744531
450739
462182
452582
453180
459728
740279
459974
737947
453565
468310
465261
454601
468817
450656
470417
472483
470584
742605
459634
750044
736431
747490
465026
452858
462454
454926
468219
452219
460354
461391
464068
456537
467307
453097
454494
465038
461309
100534605
460496
464033
454960
456023
472747
456168
464766
455433
471708
465187
453837
460694
464354
452625
465948
460341
450653
450532
459600
745143
738330
462378
450609
452065
469667
451999
460153
456548
453324
467658
100533953
473037
454200
461926
451329
451600
456998
462070
452152
451831
459585
451228
470464
454147
740384
451468
462961
468500
470340
454744
451748
469980
452804
462060
744415
472697
466102
459509
743108
453868
468088
453800
736912
471811
471787
462069
455079
468449
748043
454415
454414
454410
454402
101059491
455157
454640
740465
454738
454836
454885
454949
458682
460944
740121
470084
458494
456782
452533
452522
737922
739528
472404
463942
452237
737048
452300
738449
465179
455755
455746
747166
744091
457635
469577
457865
457746
469603
100608988
461305
461329
461178
461142
472654
463387
100613305
455886
457031
452909
452913
452718
452709
462282
460431
743647
748844
455862
455866
455881
452688
452653
461717
471847
741344
449515
466011
455473
455438
462001
462092
455329
454137
454177
468013
454234
454216
454252
454293
736305
456278
746261
456386
450998
450962
459311
464519
450590
462615
474042
470113
100611328
463148
748973
462921
471518
461830
471528
743348
461722
460872
742975
460821
461573
741752
457265
457062
471266
461405
744323
461392
459664
451118
467792
453931
459399
101057857
735328
458164
458166
458188
458197
458205
458282
745025
459737
464727
746356
740576
741944
463743
463329
461014
459323
742889
460507
100614809
451798
472764
473012
747191
464671
100609487
456563
456793
456784
456772
742881
456531
456526
457924
743842
459128
737412
459017
743012
743384
463861
467419
455519
452874
467447
452979
453004
453039
459823
452195
464345
464359
464326
745514
451862
451895
451681
466802
451602
451590
748057
453438
462829
460744
100612089
460699
744322
460348
736609
737497
462733
459866
470672
463730
465835
737479
462263
455029
454529
454570
454574
468214
468215
454697
454780
454778
468309
454827
454936
736977
458662
471052
460615
740267
460534
473949
452530
463572
750938
463420
736888
467179
741099
452307
738455
467123
457665
457547
469576
457466
469552
457856
461214
461294
471172
471160
458776
458770
458750
458748
470382
459239
452918
464064
464044
452583
452595
463335
468761
461611
464006
739031
472734
461012
465229
462424
463365
465999
746502
455474
455507
471698
462168
471669
462123
737554
462110
462098
454131
454117
461517
454240
471862
472146
456159
456024
459566
101057134
467763
453590
451029
450780
455455
461817
464978
744451
464524
466190
450645
450580
462652
450495
462942
462908
740321
461832
461907
460870
461577
457380
469436
457116
738503
456965
470557
459729
453312
100608132
747888
458117
458441
745207
469936
458297
458338
464905
464795
463520
463679
745437
461384
460668
460195
470735
451742
451812
464182
469266
740849
472993
465105
465844
465068
456903
456917
467306
456855
456857
742673
469296
456790
456769
745795
744092
457944
100608665
455700
457969
459166
459171
459046
459036
470304
100614622
455584
452199
452190
452159
452081
451784
742856
743148
451841
451887
451905
451498
466748
466844
740256
462831
460400
460384
460355
460313
462720
462763
459908
463422
459846
465722
735518
465905
465862
458193
453907
453805
454531
747337
739075
468392
454815
454877
460911
458678
455659
735835
740971
452233
457493
467690
738474
459250
460233
452722
464077
452711
466119
452735
452694
461711
471641
464590
457843
468471
454119
739629
461523
741546
472150
463073
748842
451458
451419
741374
450961
450621
450629
462639
462647
747921
458702
748846
472096
461846
744838
460863
461483
470982
457272
457948
746901
464790
464755
470713
459790
459805
466506
453358
458047
458085
458432
458131
458320
469982
463892
463636
470428
460174
747674
742002
465335
464195
464627
456906
456785
456506
737565
744046
456458
469800
459152
459156
459133
452840
453148
744772
452207
452187
464328
743713
458855
453759
736465
453454
462852
460393
744813
746396
460277
462696
459888
742932
741472
462213
457796
735485
460539
470138
743010
468697
461340
471749
457262
471687
456354
450674
457387
457288
471894
456953
464801
453308
458087
100612241
463652
453074
466772
452079
458820
451598
459979
748616
463879
745151
742366
736736
739132
455162
460875
457682
467460
452141
453664
100613876
464968
461775
469370
464778
458139
458389
463532
463721
736127
740854
452423
451594
470783
462709
450708
459966
461976
736265
466287
455121
456575
450652
458442
747978
747134
460207
463818
745876
465952
453070
469251
100568439
473699
460745
451420
460590
466155
457446
460419
463280
742740
452223
736959
100611816
454941
451758
461989
471795
463010
460966
387278
458922
468417
458584
457772
748332
456359
466478
738561
457919
100608096
748336
459218
450344
741257
464081
745267
464234
450856
100614853
471717
101059860
745605
455756
451813
745230
748700
457906
471462
473600
464444
463382
452737
463296
747482
462766
748542
736134
466440
460337
452719
465072
449495
738397
739007
458545
464058
748025
450296
746604
747492
744160
471543
743961
454227
462022
461661
472832
461604
470129
469940
740792
453269
457955
738805
459563
457945
471460
459931
449637
464007
449032
744609
473099
738690
465345
460317
743269
467718
467926
463017
468546
470936
462200
466143
736969
456664
472132
470313
450203
469911
461762
458754
100615451
467867
453359
455422
456837
747851
459259
460246
462019
468542
739819
458660
468453
747811
463330
465390
450726
471967
459865
469256
746009
453369
472807
467989
745426
451160
457237
462032
465944
452638
465145
100611967
452784
450445
456705
457743
467920
739393
736203
469076
739950
467417
455633
464049
746399
469885
461835
100611990
460293
454343
741907
451052
100609894
100610193
472898
458921
746871
460292
450123
466658
742840
458711
460054
461771
746735
471743
452577
450305
454220
453657
467891
743643
471819
737006
454038
462453
742406
472809
452266
452908
451005
458641
463453
451938
466007
450337
452764
459008
450451
451685
470186
462631
465497
461861
458064
742937
456373
472942
466685
464673
750112
454316
465315
455317
472732
467286
100615085
469846
455330
100611755
472287
473679
469239
737308
449499
464550
463319
459959
465985
738624
464005
462827
467322
451885
461712
747679
464767
451314
460236
460285
463479
451304
461740
473725
467568
100608945
459246
457399
104001063
740662
452466
458346
100286802
464314
450181
452069
466302
736462
468476
463257
451120
466941
465956
737891
452145
746021
738262
457972
465042
463460
461048
467400
746375
455671
470880
748077
454602
737291
742730
467930
470846
458860
454532
463299
456065
469963
473128
453628
459190
451238
747069
450705
741054
455550
450936
468505
464121
458368
735643
100609886
455830
451305
464117
451286
456678
453828
454213
746600
464002
458619
739592
100614560
451172
468499
454672
463383
743176
741566
462571
451807
454018
449508
459565
744483
472481
464147
473654
743256
738502
465037
451007
459320
471240
459598
456525
455415
454210
452628
461803
472352
463302
747115
464931
458253
461851
462637
469670
455312
463470
736142
747819
454700
450262
469130
458654
469976
461760
459629
452503
472365
461812
465602
455414
100551502
465368
465535
458632
742023
467407
463265
462410
736144
465937
458406
100610392
465457
461094
451299
464050
452517
471600
455195
450288
455397
455288
456547
465800
460310
460166
748107
738243
465515
450939
454625
747729
455623
741748
458680
462076
462501
450362
467299
744911
462038
463969
459062
739690
748061
451756
461253
743250
449579
738461
464582
464165
741010
452025
738415
738775
463144
470832
465057
474053
737235
750207
746431
461840
741952
736317
744605
458577
462757
735429
452534
742635
467352
473518
746943
455504
739184
743928
454581
736135
464884
466437
453417
456846
467851
454054
460378
462582
456534
455786
100611485
466483
460379
471505
748995
458497
453913
100615866
464989
454409
461778
472283
474104
463024
741963
100614767
463015
463421
101059378
742458
465664
451868
462317
454517
100612635
467263
463255
455286
468522
454052
462249
462936
100616518
461946
459026
473066
740597
450990
463741
454163
456542
454706
746122
454875
737923
463324
452633
738814
469462
473596
457541
100608041
458869
743738
458979
465836
455634
455369
472886
457245
470014
452763
458190
738847
451362
460234
463751
466117
453339
462883
463367
461806
468641
452923
452785
458694
739837
465023
467238
450169
458867
450133
467857
747817
458907
453829
459686
455325
465251
464473
452597
458318
450613
462444
460479
100500706
736983
452489
463084
472637
456045
451872
746313
462541
467418
740505
466662
741145
737175
461211
469204
456616
452861
457646
738920
454059
736885
739212
452786
471813
471796
467055
471202
740475
452629
462162
465542
452643
455037
465803
100615159
451725
460219
457913
739657
453977
451271
746761
466474
464282
470791
739845
468683
463234
100612661
468094
744244
465298
453992
454455
460705
468101
469472
460268
452524
453886
741421
458485
747202
455484
467870
100613657
741156
452797
458105
453607
464269
455285
453494
472962
463339
455710
464513
466269
100608569
461968
457159
451715
460217
462027
467399
463091
462950
454282
100612744
469185
471537
453268
748375
469844
747974
469303
456881
456963
455275
451038
470253
466191
461484
452531
467094
452680
471194
454548
470568
470546
452019
471564
463284
452414
452231
746903
451213
450368
467259
450161
460188
455439
736525
743792
100615356
465933
459167
461428
459078
743392
462344
450525
464100
455719
462105
740977
738339
459213
745036
452897
455278
453708
742988
451258
452838
462705
469876
452969
467109
452828
454507
464717
460015
457564
464090
744068
459013
450118
454515
455647
453993
104001100
745057
455785
460751
462265
452085
456999
455718
745949
454512
452320
471155
739440
738821
461436
741453
747082
453500
450331
473658
451876
468565
746486
454041
460256
745709
455776
471620
459730
456674
450576
452209
452494
457651
458388
459853
459912
461780
462065
464318
464543
464625
467264
469720
471909
472640
473762
735869
735940
736151
737575
738041
739922
742589
743656
743796
744508
744604
745248
748133
100609237
100610924
101058953
104001066
746655
450666
452518
454665
459318
104001099
740778
467006
459303
744064
470592
461394
456240
460917
463772
452377
744316
746353
455326
469476
462490
455877
470827
460296
