37834
48971
43828
40048
35265
31605
42832
36782
44291
47173
41140
35767
36582
43481
49260
35376
41313
42649
43582
31978
37246
32087
31695
117419
32352
39336
45875
42400
40962
45816
44801
40066
53581
40056
48552
31622
39694
49168
38109
44750
45398
38355
40675
32775
36127
47757
36059
35701
44289
2768916
32133
45278
41823
38765
41428
40248
37290
19893556
19893533
19893535
19893540
32620
36655
36381
31106
37628
43768
34674
117294
41957
39996
36270
36540
32627
35378
39091
246452
31407
32441
42298
44154
34264
32987
41670
36018
246543
31103
41269
33025
34411
44849
47220
37893
32617
33434
31683
31698
40177
34745
40694
43673
34554
31872
32001
41694
32168
43926
32544
36173
31340
32789
37564
32963
39876
34565
33629
31247
39745
41800
43483
31903
40145
31706
32981
41611
43549
34968
41153
40012
32458
43434
35052
41646
40552
38983
37733
32947
53439
34897
39305
37470
36699
43913
42501
36508
33905
42747
40506
37791
40188
34396
34021
34430
37419
3772247
42816
45374
32721
31332
31022
33487
34426
41033
35305
42185
39450
43950
35927
40388
48312
59176
34497
38396
36791
36617
33210
38070
43374
40492
36209
117369
35931
43449
35674
42822
38654
31256
42484
3771779
36669
43772
39759
34636
40429
38611
3355134
33560
39195
39254
34005
33235
36887
38565
34613
42996
37517
34167
33495
38062
39628
40607
31039
35877
33493
42586
248102
34840
32188
42762
37858
46068
38493
32940
32257
33943
43707
40670
38447
43693
42854
36420
42642
36040
43978
38593
45233
35425
33256
35761
33470
38923
47877
53578
42828
43637
42272
40935
36876
36539
41550
43091
37580
31647
40233
45928
38646
32695
41672
44307
40495
39164
41387
37873
34954
40626
40055
32294
31441
38135
38244
43792
43829
32049
35522
31945
43739
32754
42963
37992
31362
31215
35950
32464
37297
326193
42662
37123
38911
39415
35940
42875
37825
35492
38909
47762
34504
38598
39557
41305
39026
46059
34976
40872
35559
37923
42845
41993
43415
36025
42615
43502
40577
42723
39317
40972
36911
33640
40814
32589
35176
36561
43358
40717
39594
31543
31565
31097
32229
36107
40127
37070
34550
38913
36956
45360
38749
33295
32696
33014
41059
318059
31740
38917
34955
44573
42656
36022
42466
42834
31338
41721
42702
39133
35654
38228
34445
33033
32623
34875
31567
34967
39858
42396
40983
42060
37018
32013
37144
35917
34546
42753
32322
41994
39309
44390
43092
36554
35507
35194
39722
35315
44668
5740252
35101
31943
33645
38093
31904
33641
48224
39655
41741
38889
33469
36784
34184
326215
46234
43517
44054
44271
36303
318624
37922
41709
42670
40509
37926
38300
43750
35001
36031
42029
31558
42663
31422
39626
33134
42943
33513
32334
31118
42509
3355089
41107
34910
34778
39332
39433
31154
39657
31772
35240
40716
31483
40915
35970
31728
31553
39644
36775
41054
42842
40862
33864
38375
40261
42855
31357
39955
33293
33507
35890
36984
35793
36058
33850
32887
34699
43042
32295
42240
35746
326189
39988
32743
41843
41866
43864
44702
44728
41360
3355138
35407
33353
35145
36826
39310
32910
252479
31144
34322
34711
45250
42369
40684
32935
36246
32523
35998
33712
38389
38595
36108
43717
35780
42835
42504
42979
44000
36638
33234
44910
39203
33131
32568
3355118
34431
32195
31887
39313
37124
42579
43892
36286
33259
8674001
39085
43511
39119
34423
32272
42440
31448
40239
33515
33903
38199
35119
40630
38176
36288
42048
36462
43382
36551
42817
42900
38693
41150
39366
43148
31818
34474
45785
39914
3355130
42218
39304
39922
40529
40785
40934
32841
42665
40240
48448
49424
36390
37894
36718
38715
41532
53442
42595
33505
39834
38644
42545
42686
38721
32338
37809
326251
36337
38635
34858
38069
38151
47186
33521
31213
41779
32919
39685
33881
32977
42196
36496
35297
36580
36810
318206
41273
33137
42619
40348
35007
38283
38429
34187
2768949
35263
32853
34311
40973
36697
40707
31141
59260
39829
43325
38374
319033
326153
37118
41868
40527
42397
44263
35686
34372
39645
39272
31812
40678
31849
41798
35386
39070
39448
261603
34790
42876
35790
34839
49636
43740
31520
43788
32514
33269
36365
35941
34427
41719
117503
33845
47251
37531
42889
33689
37542
36766
40438
31449
37033
318554
36921
38655
34352
42064
34185
32169
3355011
38209
31602
40846
38798
31902
33220
36820
31716
40857
33018
42880
317974
36302
35527
38675
31649
41067
39217
40402
45064
43311
36448
33960
34116
34796
36975
39027
318955
42957
41279
36598
36658
39032
5740528
40870
40443
40165
33967
40657
117406
39331
32548
40172
42043
53428
37586
36238
35099
35850
40487
42192
42633
40073
33964
44087
37467
32208
34794
246599
2768668
43491
40179
318095
38187
36653
34409
192528
39090
39504
34122
3354941
39276
40950
39240
42846
34378
36150
43354
39669
38185
41834
36382
246533
41372
39434
32677
43005
36199
32687
34488
36821
39175
41030
38599
37236
31680
32245
36641
39122
3771854
40560
43164
36208
42950
37633
318855
43440
37731
41437
43104
40679
35179
37938
37585
33184
39333
34197
42515
40564
37387
38890
318579
34172
64874
43504
34294
43229
37372
33112
34631
36042
45460
38412
35154
42926
39130
34364
43330
37890
35692
36730
39769
43630
33766
40434
43268
39656
40806
35933
41352
41417
48535
37472
35426
31684
38669
42239
32608
35923
45012
44392
46121
34153
32278
39025
39035
32636
36306
40987
41295
41647
31773
42166
37312
42498
53443
31566
33776
36160
32505
33350
32240
318237
39654
32902
5740790
33649
40974
36129
42697
40894
41288
34420
37860
42756
32920
42620
36080
32028
41339
37824
34363
318890
42959
42985
36309
37954
40943
38989
38649
41942
30971
43643
32938
41500
43353
32256
40141
41945
34319
38714
34762
42366
37116
3885620
41433
38656
36280
43943
35882
36574
34996
38898
47396
32378
44783
46035
39103
42632
32081
32297
38137
318856
40695
31613
44540
3355093
38900
34458
40385
33139
318566
43373
43128
32569
33899
33347
39396
33437
40596
36028
32582
40036
40074
35192
40949
34330
35693
31564
35029
38944
41094
39748
32989
31444
41952
42888
246527
35335
32292
39367
35733
42866
37577
41304
36426
35417
32222
33117
44132
42525
41266
42643
30994
42806
42971
33501
39121
36019
43319
42446
34428
39399
44672
43831
39260
326168
31030
43506
38100
42470
39666
5740847
44149
38916
31618
42987
40060
40039
41543
32143
43077
246604
35988
41919
43404
42721
35596
43873
8674098
42739
43723
38500
42159
38144
42647
43041
36131
42249
39088
34293
35221
40384
41682
42214
32008
38904
44010
34070
3354918
34329
37727
40566
53438
38945
38085
41902
33532
36706
40030
32762
38407
33001
44260
42360
41925
44446
34503
32615
36419
31795
41960
35537
37482
39147
36563
38398
38344
33283
41675
31944
39490
34098
38615
43239
31707
34752
44172
36705
41182
34526
40507
33409
35146
31318
36816
318847
41801
38518
7354421
33989
36797
41138
40044
36953
44887
39686
34928
39530
326255
38208
32635
2768938
39559
43391
36103
34708
5740320
42624
36851
36855
37910
37912
33034
43476
31175
35043
41522
43414
43958
42169
34109
33202
40299
3354919
41347
34137
38931
43594
42805
35267
40621
34080
33900
35681
45826
36289
40148
44297
40654
38197
38969
37859
35718
35707
39916
42322
35547
40080
39364
32124
42839
317815
39002
34156
36753
41551
37560
39480
40097
32601
43429
38530
41811
44098
39536
34755
34494
32992
42850
42526
46717
40475
31700
36032
33709
35453
41154
45827
38433
31497
33072
41449
43115
31842
33651
36547
36271
33010
38968
34857
45970
33386
40249
40715
48311
37617
43532
36361
31240
41598
38400
35604
31949
37961
33211
37995
40138
35261
31877
326273
43697
38076
39031
34528
37887
39819
36321
41785
32536
43118
34377
41034
42453
45432
33520
33652
3355069
41477
31491
40436
34793
37800
44269
42984
39775
40053
41309
318990
33461
34015
44531
32941
43843
3355133
39986
39337
41311
43771
34896
32120
34225
36769
39956
38652
40599
34176
192506
42126
38457
31404
37465
31377
33835
32358
318918
42186
39827
33191
37176
43505
34785
117365
32518
41342
40957
40530
37382
32142
32665
43709
39742
45655
40929
42593
34978
33402
40186
45329
31405
32293
43613
39213
33167
41181
43103
43904
33981
41403
34803
35911
41836
36328
44173
37285
38532
31536
31961
42284
36992
41351
41090
117361
34416
37589
43577
42105
43490
39958
34419
41673
48532
34102
39222
31086
41469
41318
39436
31521
32029
41124
42853
42960
33738
34387
34067
44251
37654
35016
42499
36102
37028
37507
39454
49297
34720
32239
43323
35338
36824
35452
38613
43508
37068
32751
42819
34883
33082
45780
43787
45922
39918
42285
38783
39625
3355106
32300
32490
40361
40224
34754
36776
34696
117353
34950
41074
39159
31799
40863
38747
33351
39737
43333
246565
44620
39671
44039
34505
42429
43039
35748
42341
35379
42358
32948
38463
32094
31149
34154
37814
34714
37784
43689
37433
39293
45784
33982
34736
38516
40305
38167
48805
35788
31442
40815
35546
33379
37805
38978
246420
37449
37618
33185
326259
43781
41175
33742
32140
32471
42972
318785
39241
33418
37685
49701
14462605
37591
32693
35851
31271
2768929
326115
43758
35571
35553
43749
43165
42735
38494
36109
41566
37643
3885565
38027
41749
37724
38605
34256
31048
39132
36241
39961
43856
35588
44072
33492
37707
32191
2768679
41944
38831
40327
40610
2768961
34370
34250
33837
45959
32435
42894
41707
36329
42524
33544
40170
41166
41569
34683
49953
34096
32631
31178
37134
38826
37850
43312
44258
35930
32158
38370
40459
36045
36602
32335
44030
33939
36854
42412
32771
39329
4379919
32063
326219
39860
31050
42581
34614
34890
32777
33317
36939
41390
36244
34284
39410
35576
32616
39529
35920
31000
31059
31257
31344
31349
31406
31503
31504
31506
31606
31641
31673
31957
32089
32146
32147
32180
32221
32230
32345
32584
32624
32625
32629
32694
32701
32786
32968
33046
33078
33097
33155
33172
33232
33448
33468
33475
33498
33534
33559
33597
33758
33824
33987
34063
34123
34124
34160
34198
34450
34451
34452
34457
34460
34461
34463
34482
34499
34500
34586
34759
34849
34995
35021
35022
35065
35163
35257
35273
35366
35396
35447
35584
35590
35719
35720
35744
35766
35797
36043
36049
36098
36101
36161
36282
36310
36384
36385
36391
36428
36468
36649
36686
36839
36897
36900
36907
36908
36974
37132
37179
37356
37399
37428
37445
37446
37541
37657
37671
37672
37674
37684
37728
37798
37877
37900
38146
38177
38180
38196
38221
38264
38358
38571
38572
38666
38697
38722
38725
38726
38743
38748
38753
38878
38976
39106
39230
39231
39232
39281
39282
39338
39351
39469
39470
39587
39658
39739
39740
39741
39899
39985
40072
40111
40267
40406
40632
40635
40651
40663
40794
40836
41027
41156
41157
41158
41365
41388
41389
41448
41476
41489
41536
41554
41555
41556
41557
41629
41643
41668
41787
41917
42132
42326
42362
42457
42621
42689
42830
42848
42922
42928
43126
43135
43185
43191
43228
43231
43303
43343
43362
43385
43422
43445
43450
43451
43466
43591
43592
43593
43670
43736
43785
43839
43916
43936
43973
43980
44006
44008
44021
44381
44643
44978
45249
45268
45525
45668
47091
47905
48531
53566
59241
117364
246451
246582
246663
317846
317858
317999
318053
318553
318591
318886
318941
318954
318995
326161
326167
326194
326220
326237
3354921
3355107
3355131
3771723
3771729
3771771
3771774
3771783
3771785
3771792
3771959
3772032
3772148
3772149
3772163
3772173
3772189
3772191
3772198
3772231
3772278
3772282
3772345
3772349
3772351
3772360
3772370
3772374
3772421
3772447
3772448
3772489
3772505
3772517
3772518
3772541
3772542
3772552
3772565
3772607
3772618
3772619
3772632
3772641
3772676
3772692
3885616
5740446
43222
