100620859
397481
397674
397568
397038
100627128
100157162
396967
102166364
397538
100739349
414408
100144586
100511191
733612
100101921
100158181
100153485
100157582
100521593
100523763
396944
100626793
100154200
100101472
100524254
494561
397021
396912
100152052
100521736
100519594
100522018
448982
100156922
100525647
100518570
100524707
397429
100154626
100526075
100519491
100151886
100622075
100152660
100144498
733698
100155504
100048964
100514865
397378
397606
407060
100170851
100157080
100144419
100520812
100155309
692192
100151867
808513
808503
808504
808507
100519184
100738991
397147
100626534
641351
414398
414390
100521551
100625333
100513811
100622822
100156204
100515782
100151864
100737549
100627430
100520173
100294678
100156530
100521124
100524223
414427
100157709
100623241
100154408
100523018
606749
100628006
396609
100526104
100155762
397555
100156882
100156642
100155472
100049656
100157840
100153002
100523057
100153160
100511575
100518933
100511783
100155766
100523244
100144529
100737213
100158237
100624395
100624659
102158859
100144536
100154522
100153196
100048951
100524293
100522666
100153625
100156895
100625667
100516687
397418
100157143
595113
100624058
397390
100738908
100156865
100513964
780428
100522239
100156140
397379
100514766
100127150
100518587
100525708
100515997
100153993
100512008
100154194
100739087
503700
100049702
100156500
100518219
100158002
396911
100511810
396924
100627870
780425
100233182
100513782
100622145
100624417
100523953
100513958
100520434
397500
100155925
397054
397523
100155974
100620160
100152230
100522198
100156778
100158187
100622254
397047
100518848
100626432
100628166
100152189
397039
595117
100154116
733582
100623030
733583
100737214
100621493
397010
397659
100152155
100518154
397482
100518066
100517151
100515770
100155786
100513890
100153932
396670
100156537
100621604
100513186
100190993
100521701
100127158
100515216
100519155
100522133
100627169
100520309
100156049
100625022
100310796
100525739
100523160
100626433
100152786
100153062
503546
100157887
100517749
100622482
100156145
100158015
100525664
397330
100626131
100153900
100037992
100511271
100524086
100511210
399538
100624447
100517676
595112
100157521
100514516
100155038
100156588
100154960
448980
100233169
100519481
100157242
100625946
100134828
100513881
100525049
100156818
399539
100736578
100513629
100512594
100524908
100624229
100626761
397524
100511733
100154361
100523257
100620348
100517306
100154993
100524459
100038030
397090
100512476
397624
100155274
100625749
100511830
100522503
100525927
100153428
100523998
100625565
100623279
100525135
100515953
100153921
100512385
100514926
100525255
100518959
100157931
100155674
100152536
100216430
100623650
100157608
100155017
102161170
100621083
397394
100310797
100526080
100736973
100512553
100157156
100156272
100516205
100511489
100154565
100142626
100628179
595107
100513694
100511913
100516870
100154766
100626833
100302698
100525643
100124386
100144769
100513145
100623511
100156347
100621853
100153343
100511459
100739632
100524705
100337672
574063
397082
100524853
100520954
100626566
100525187
100499564
100153147
100515536
100523896
397596
100519063
100521252
100511986
494017
100515625
100622626
100515235
100625845
100525428
100620528
100523207
100519562
100517493
100512253
100517118
100522208
100524394
100626380
100512677
100155140
100155750
100623734
100513568
106505847
100515840
100156440
100048931
100462759
100516853
100524075
100516003
100737886
100154518
100151805
100621691
100152606
100524304
100519413
100519823
100622373
404695
100157210
100739645
449526
100526125
100514782
397001
100522196
780416
100517041
100514809
100512998
100515308
100174962
100152776
100154148
100154949
100519104
397127
100524425
100155235
100517369
100517636
100521950
100526038
100738340
100621739
100155891
100516580
100157926
100522678
100157072
100514126
100158127
100513328
100516785
100515014
100524872
100511993
100520245
100516270
100623812
100512659
100521452
100512784
100525046
100520791
414403
100523065
414401
100516312
100153310
100515003
100154650
100737015
100624139
100738659
100520304
396919
100155201
733621
100517638
100625544
100513246
100512505
100170772
100624482
100517839
100152361
100515785
100154317
100157814
100157715
102164594
100524695
100512243
100513747
100157937
100525733
100153351
100157546
100521262
100511290
100519280
100511605
100624493
100621044
100621927
100157082
100157171
100124379
100622317
397598
100621546
100153858
100626356
100525844
100512260
396849
100322871
100514071
100511045
100155875
100155342
100155047
100153668
100522779
100622501
100524686
100141305
100145888
100516562
100513798
100511136
100525466
414412
100521136
100624036
100620823
733625
100622181
100626539
100626434
397129
100736576
100525970
100525849
733593
100156681
100152526
397690
100513955
100151976
100738679
100153348
100154942
100157033
100157986
100626751
100738900
100518504
100517773
100622860
100151784
100518760
100155462
100515927
100514874
100156322
100512631
100156879
414414
396742
100155115
100156964
100157453
100515937
106504060
100517795
100523218
100512191
100517854
100523466
100523278
100626208
100134956
100518394
100514182
100512190
100462758
100522824
100511401
100522636
100157140
100526077
100624061
100522163
100624897
100524587
106505259
100518830
100522861
100316854
100513685
100156794
100153965
100157055
100157224
100152586
100513301
106504097
100153964
100156649
100157296
100512301
100511394
100512547
100512479
100737496
100156710
100157976
100154850
100157292
100739593
100627723
100152808
100510985
100152468
100156254
100521470
100624767
100511918
100516833
100154442
100525134
100511048
396679
100624746
100157111
100519233
100625330
100738746
100516053
100623478
100626366
100621703
100523236
100521256
100518652
100525214
100520896
100737256
100620929
100188903
100626274
100625286
100154314
100515263
100623068
100153560
100156869
100151986
100155652
100519588
100144587
100522054
100627484
100154484
100156375
100155547
100154193
100157588
100157471
100524445
102166637
100737059
100519752
100515474
100624938
100519575
100624319
100517409
100519020
100154556
100154792
100157095
100625972
100622102
100157412
100737519
100520287
100627803
100738796
100153866
100157870
100157347
100152375
100124378
100154341
100157102
100518387
100512026
100625497
100515330
100519111
100514251
100737746
404694
100512963
100157730
100621140
100155587
100113423
100152421
100154832
100624832
100462748
406190
100514886
100517164
100520746
100738460
100525292
106507628
100513019
100512288
397385
100511264
106504103
100526209
100514237
399536
102158390
100517523
100170845
100512777
100156323
100519411
100620963
100514768
100620672
100523737
100516080
100154544
100514523
100523377
100517651
100521009
100518140
100511947
100513370
102167660
397085
100233192
100626383
100524765
100511347
100153104
100154824
100521692
100518545
106504094
100151798
100141406
100517258
100233205
100154657
100190899
100519650
100144491
100625081
100514424
100521290
100517185
100525777
100152894
100157972
100524423
100511469
100624239
100158156
100155988
100512848
100515636
100511127
100522951
100627792
100627354
399540
100153816
100152645
100517912
100518405
100518721
100739638
100154560
100623694
100620737
100415930
100524881
100516372
100625026
100622233
100525504
100515845
100624455
100158186
100737250
100158153
100151977
100155423
100153410
100739153
100154735
100155086
100154975
100511965
100627256
100523570
100048965
100620632
100190995
100512899
100156729
100153919
100307051
100624740
100520592
100158058
100513395
100513254
100624528
100152321
100524115
100517201
100624422
100125839
100626423
100515916
100038014
100524902
102164405
100155466
100154676
100155888
100517138
100521457
100517163
100627309
100525877
100515954
100519845
397180
100524081
100522073
396584
100152212
100157930
100512277
100519838
397191
100155764
100157699
100516266
100621221
100152913
100623328
100156015
100517004
100157237
100526009
100518629
100522688
100512929
100155182
106507058
100525087
100513524
100516044
100624255
100152722
100337681
100524729
100520794
100049699
106504352
100738741
100622139
100151953
100155112
100624272
100154508
100513866
100523112
102166723
100153088
100736975
100623288
100154765
100626321
100157246
100525698
100516212
100627432
100511107
100515868
100152782
100513961
100737289
100620270
100518577
100512193
100519862
100152942
100517095
100512448
100522884
100152831
100511806
100620426
100514697
100515106
100158102
100626142
100517565
100512341
100738266
733594
100515499
100512811
100155958
100737311
100623137
100625306
100513447
100153566
100512859
100820830
100152371
100154394
100515356
100516767
100156362
100524699
100519826
100514622
100153966
100621746
100621543
100515986
100516227
100515088
445531
100156540
100152852
100522703
100516821
100522572
100157435
100525867
100153480
100101926
100526051
100627271
100513650
100517563
100156513
100517415
100625790
654327
100620715
100522393
100739396
100623333
100514893
100516734
100517764
100153896
100154777
100624532
100519794
100524560
100156764
100157342
100152196
100153322
100157622
733689
100514637
100620322
100624991
100512104
100512051
100151931
100158154
100512732
102157722
100516183
100157844
100154920
100511312
100152772
100519876
100514888
100152987
100152172
100171403
100522031
100286809
100621845
100514009
100158062
100512796
100523270
100621014
100625240
100526017
100525505
100192434
100620659
100511822
100517282
100154613
396617
100154253
100511756
100523455
100157205
100153862
100623016
100517013
100156944
100519295
102159531
100127359
100623898
100524282
100739313
100516892
100524569
100522525
100154147
100517443
396841
100621788
396910
100739186
100627903
100620726
100621017
100625001
106504093
397520
106505697
100142668
100513815
100620457
100622921
100626270
100514806
397209
100738284
100627579
100736585
100522820
100621441
100154984
733697
397128
100523547
100525288
100628127
100621783
106507002
100519272
100152439
100145893
100145895
445538
396648
100524911
100523902
100624883
100525673
100038022
397581
100518470
100626089
100627175
100521318
100626316
100154266
100153184
100521504
100622861
100624279
106510519
100525472
100152054
100518336
100312974
100152967
100517790
100520097
100515957
100511396
100513215
100512551
100523109
100519592
100738292
100155377
100134957
396977
100622366
100523568
396999
100517862
100518983
100622997
100216316
100514471
100737507
100141307
100520127
100514880
100737522
100626886
100627373
100511239
100520873
100623062
100525048
733592
100192435
100511951
100510930
100516668
106504162
397637
100152681
100512591
100127351
414392
100151814
100525674
100517044
100518564
100154012
100524104
397566
397605
100620439
100628232
100624126
100151876
100170771
100624300
100524433
100523015
404692
100524985
100524684
100240720
100624494
100517257
100516658
100623097
100621733
100625415
100522261
100156798
100155585
396777
100511372
100621189
100738730
100154680
100513794
100517864
100156070
100151860
100514510
414417
100157220
100462716
100523009
503544
100157672
100514276
100522130
396952
100523004
100144532
654323
100512162
100621303
100510987
100625381
100514342
100525559
444998
100627537
100625260
100152996
100154219
100155956
106504121
100153639
106504139
100620833
100518786
100625047
100622208
100525669
100514153
100157190
100525976
106504115
100156590
100101924
100623805
768103
100518254
100627201
100153604
100626933
102164809
100519294
100125349
100512161
100624347
397607
100513643
100513739
100738089
100514302
100622283
100144526
100621999
100520283
100738785
100627080
100134967
100518289
100623923
100627750
100525741
100524144
100517435
396768
100156357
106504082
100736789
100512454
100038330
100152140
100628089
100157361
100624590
100157195
100514796
100515752
100155187
100156636
100312975
100154684
606742
387596
100523453
100520351
100154528
100621981
100156112
100628056
102160159
100518650
100623643
100155023
397650
102162530
100152497
100625553
100516086
100037993
100512733
100624980
102167192
100511707
100620952
733576
100625049
100155893
396681
100038023
100625305
100156116
100736809
100739366
100514824
100521238
100152303
100515028
100515982
100153624
102168140
100513723
100517048
100517745
100622411
100514912
100155820
100626744
100739334
100514019
100141306
100144500
100627841
100739326
100157880
100518837
100516861
100517744
100738389
100625102
100624297
100153771
100520962
100513262
396989
100511917
100157587
100512420
100514361
100621392
100521514
100170145
100286877
494011
100233172
100521786
100513660
100738400
654299
106509077
100154376
397480
100155110
100513224
733700
100155476
100270682
100516042
100526132
397665
100174963
100156993
396754
397646
397463
100624041
397073
407608
100155433
100157904
100526032
733705
100513283
100520745
100739035
100513674
397136
100512795
100462720
100270722
100737771
100520394
100518974
100737615
100154259
397603
613128
100524888
100621613
100518751
102159708
100513565
100154338
100525658
100622077
100624743
100525400
403154
100513179
100510897
106508726
100156861
100516529
100520782
100171388
100520446
396949
100621580
100736845
100152765
397159
100521809
102161528
100623875
100514159
100519344
100511111
396865
100153347
100156785
414416
100512860
100514109
100526023
396753
100519253
100037995
100737708
106506325
100514142
100144630
100625238
100627516
100520856
100154506
100155420
100523720
100517713
100521120
100738684
733687
100048958
100620951
100737117
100157793
100516623
100156179
106505929
100739739
100622832
100155012
100737760
768104
100523962
100157283
100517810
100157312
733611
100521677
100520317
100517807
100156733
100739439
102159133
100626333
100151790
100520667
100626608
100623583
106506967
100153972
100156327
100625317
100620368
100154456
100174960
102157663
100620307
100153339
100623438
100516877
100157999
100152232
397089
100524534
100514202
100511906
100520385
100737303
106504064
100151741
100153537
100736687
100627960
100156397
100511321
100513527
449528
100157243
100157724
100156790
100623420
497234
100157894
106505161
100520929
100518072
100157868
100520777
100511942
100521642
733668
100519984
100156654
100516500
100512194
100621109
100462757
396959
100739403
100521763
100626923
692156
100524635
100525449
100514533
100144589
100515702
100157831
100622334
100157042
100156988
100738416
100621079
100524613
100152358
396859
100621490
100510978
102158416
100520742
100156619
397476
100523562
100515577
100152629
100517174
100526191
100626152
100136901
100620112
100337675
100286778
397091
100513975
100154944
100155600
100525398
768109
100524124
100152692
100157414
100049657
100518083
733588
100624149
100524935
100135668
100511614
100520421
100155833
100156612
100523972
100511866
100153958
404772
100157682
100524880
100627504
100523703
100158162
100462752
100157842
100523448
100625207
397263
100511439
100524443
100516558
100519258
106504140
100524478
100101928
100523825
100737376
100156226
397655
100516962
100515007
100520886
100514746
100622955
100156630
100519842
100620825
100622196
100156421
100514030
100627644
100521952
100512021
100037295
100627084
100156234
100155567
100144503
100154056
100144502
100625562
100515610
100381266
100513637
100127478
100524371
100152316
100626293
100519841
100739199
100155367
100516242
100156336
100158068
100525780
100523202
100525387
100155514
100627515
100157247
100524730
100739089
100518074
100525524
100511412
100515409
100621561
100144492
100523956
100157176
100622420
100037948
100523814
100155434
100520249
102158186
100170651
100310801
100156732
100513899
100517553
397652
100144496
100154291
100512235
397575
100620325
100157763
396699
100523684
397130
733633
733641
100037958
100037994
100141311
100151920
100152461
100152555
100153561
100153838
100154509
100155306
100155889
100192441
100462756
100511078
100512446
100512637
100512802
100512871
100513919
100513963
100514171
100514358
100515567
100515763
100517869
100518399
100518870
100520639
100521986
100522714
100522764
100524934
100525453
100525608
100525755
100620908
100621569
100622001
100622368
100623684
100623913
100624071
100624385
100624450
100625362
100626091
100626268
100626531
100626607
100627133
100736849
100737006
100737167
100737380
100738221
100738842
100739112
100739149
100739335
100739503
102160244
102160444
106504095
445521
100516577
100736926
100627251
100736981
100739114
100738820
100522421
100516520
100738425
102160171
100154017
100516180
100522180
100621675
100155542
100520813
397447
100622412
100622110
106504190
100153739
100739588
