428227
396530
422688
423600
395218
420969
423612
396261
424112
374189
419885
421937
395712
421404
416872
418719
415332
421586
396435
417783
422266
396489
418968
395767
772125
418220
374044
396490
416018
107054176
422592
416978
421894
422547
423628
419642
429078
419980
396272
423735
417615
424649
395155
395154
428135
107055371
424723
416955
421932
417716
396019
416017
396487
395815
418201
396368
427949
423814
373984
770226
807641
807639
807635
807637
416288
426332
425295
416656
395181
420001
422477
395414
396482
421497
427845
373899
419601
395188
418506
419917
422999
418610
395374
420053
107049309
395854
417021
423258
423542
395474
415410
373916
395983
421994
396252
396392
395457
423878
423279
424484
423307
428372
427820
419190
422575
420426
423968
423335
378891
424381
396349
420254
107050619
419972
422401
419317
418289
426930
424244
425758
416329
772371
425349
425029
395555
395958
416767
417934
417718
107049718
416558
426430
430371
395917
374050
100857736
424563
430741
415991
396004
418969
426396
427490
427376
428972
374134
100857877
416861
420266
416022
426536
396522
107053190
424599
428583
428927
418589
420063
422865
416023
427122
427164
430516
416642
421755
419796
396367
424518
425050
768555
430616
100859723
422222
420765
373937
419228
395298
424424
395268
417517
415544
416836
422611
416383
100216364
395486
419685
416320
395498
770663
424170
374224
422910
101749883
421597
424162
431666
425061
395706
416986
424926
419268
417715
770910
417637
423359
429466
418311
424135
417694
422432
419063
427328
416332
374242
427480
419869
374186
422649
424056
769677
373961
419133
423362
418498
421192
416708
422052
378915
422788
417864
422597
429062
426573
417591
417119
423896
395924
418851
423473
424156
422345
424810
424341
415362
417445
395217
417653
415774
425291
422932
417700
424142
100857565
424296
424237
770246
427410
427365
423322
420847
422085
417526
430557
416062
422703
419523
424598
378789
395804
416521
427377
422743
419449
426073
395497
417456
417871
426790
100858304
417217
426854
770250
416853
416753
428450
428389
418791
422196
420375
423842
423736
424757
100859762
423737
771294
423809
417840
419859
426673
416049
424583
378922
428868
422094
417117
415863
427434
395413
428251
424519
416312
417924
426734
424239
107053341
418728
427550
417230
428095
421741
421079
421986
419966
418261
428167
426247
416339
418702
422033
423714
421940
429036
416666
416549
427651
416152
416295
416313
416314
417304
417679
417606
417564
417563
771549
417622
417634
417472
426133
419982
428281
417425
373891
428674
416771
424897
769280
418514
418482
419674
418907
418917
416481
101747825
417460
417477
416867
416837
416983
416891
430664
100859604
107057627
107057628
419847
421148
429066
428579
421348
424415
422621
422758
428787
422813
107057377
420412
769547
396147
424496
423586
423561
418865
418856
416232
415897
420681
430442
420123
420116
426090
418735
418764
428502
420870
415752
420818
419104
421013
426856
769972
771857
776411
100858397
415655
415867
418396
415680
415885
415824
100857155
107051439
426289
768362
107052460
423086
415384
431608
423792
417037
424837
424036
418019
421726
769424
421769
427205
100858972
427166
427163
420927
424962
422496
395189
428724
425644
426042
424463
422534
430411
422708
422704
373972
428860
423207
415451
416706
426571
768538
419281
419284
395295
770034
419137
419179
419349
374037
374133
772037
418595
416678
416698
428403
395442
428806
416040
416096
416051
418290
421121
431623
395659
417270
424613
424611
419641
426061
419605
107057348
419361
769996
419448
419397
421299
408037
421929
395848
421918
417699
428883
418597
423337
107050727
423280
426282
423357
423983
418078
420287
420356
420259
417990
426185
426874
419738
428242
419699
770561
415527
769405
421859
424778
424781
420686
395178
416013
421452
396188
421436
424075
424830
416685
422364
418621
416181
417571
425418
417410
430878
417613
417527
420023
771554
419943
417437
417434
768712
417338
416788
424955
418328
418397
418431
418491
418910
416494
416452
417540
416869
417029
100859719
416975
416799
416890
419826
429069
424400
424368
426906
421505
422600
422655
422787
422807
416956
416962
427717
417015
421197
421213
423558
419527
429550
418852
418821
420751
420149
422565
422733
422741
426924
395566
415957
420863
420762
420460
418171
421012
421036
416270
416349
422192
416132
427605
416182
415626
415637
422457
415869
420832
421613
101750090
426493
424278
415507
415584
415467
423032
423932
420908
427218
427222
423830
427252
423758
395460
423676
100859332
423683
428622
421782
426152
404778
427447
424963
422418
426353
427952
421152
418365
424553
408046
424155
395588
415587
416728
416723
419158
395279
419295
419306
769390
417221
417188
420544
417762
420784
422522
416027
416039
416103
418155
418299
421126
419666
100858057
420998
423626
422361
101748924
424688
424698
419956
424639
424640
424615
419561
419572
419606
419608
425542
419454
419433
107050660
419481
426268
431192
421950
421945
421938
395878
427066
425052
418083
395348
417863
418277
428377
418026
417797
426884
425441
418992
419007
419713
419708
395487
415917
415929
416061
420704
395102
422043
424114
417544
424052
422327
422676
422387
422231
419124
395126
416535
100858849
428677
427072
419967
419960
422121
424868
416775
425396
428078
107050444
427696
418374
422508
426429
100857144
420655
418870
422005
418857
423724
107055667
418744
420938
416308
426145
425734
421031
415635
422461
422462
415703
421625
421633
423081
419021
419058
771327
423087
423799
423976
421186
428260
419815
769489
423696
421750
427159
100858296
424975
422501
425012
426667
416675
417144
425539
417226
424309
424123
423992
423187
423230
426574
421311
416724
421236
419308
419324
107055879
417714
422931
427581
418275
417941
418192
421138
396156
395078
419678
419625
419576
771849
429208
419489
421469
421474
421481
423310
423443
421939
418066
374163
420263
418027
418008
415307
427477
768911
421841
425132
395426
428444
420427
421387
424089
425722
107049486
416255
420396
418461
418433
374074
395637
100858483
422765
416221
770005
416351
776036
101749626
107051180
429983
417955
429117
417182
423296
428559
418162
769352
423382
418972
417857
101750333
419788
424807
378801
420435
378793
416683
417771
417669
417626
424764
419845
423588
417912
426617
422466
427350
427315
424539
417203
421231
396391
420554
416676
419512
423352
425049
419783
420725
396103
770045
769292
427276
418634
423647
422102
419467
423843
768833
420999
419150
420643
420780
416302
422355
423378
428212
429810
422258
424777
419052
395821
423795
100858383
415942
420599
417324
776286
771344
416947
416704
425989
415609
768554
395517
424889
776639
428128
772264
418540
421323
770638
420103
771365
418217
419442
100857898
768451
421291
420508
420249
422021
416820
420185
791224
424492
100857575
395796
415933
420147
426999
417697
421632
396456
418273
418751
404779
424845
395723
422906
424350
101747893
420430
415937
421850
423045
420378
416214
431657
428753
419850
421147
395233
423832
723780
423308
421896
423116
424251
420419
395984
415884
422675
421936
415581
421226
418486
100857259
422514
428190
420624
374197
419455
416405
769981
395938
422312
421168
416240
417296
422190
418193
420606
415393
771113
770025
100857974
429118
428958
424045
429557
422227
426962
415450
771057
417350
427156
426732
423231
107049907
428778
396002
427929
424262
395785
427451
422143
100858909
421743
396158
421088
427050
396190
422137
425060
421961
100857754
423242
420201
107050681
107056445
424812
426813
415746
427611
420673
374071
418740
423112
107052930
770734
419310
100857912
416990
420529
422804
396172
420025
421764
424746
423513
416517
423070
418353
100857696
424120
424250
419418
420877
101749142
426865
416943
374009
424015
417173
101748948
396400
415678
424635
425858
424506
418710
427136
427612
421130
415561
417170
420842
378890
415674
373957
421509
408182
100857214
417095
100859376
776282
415724
420251
417195
374053
100858814
419899
418635
422497
416933
429155
427134
772225
419872
415843
424691
417044
428442
395849
419653
421059
378895
422505
417106
770885
426278
107053155
421185
417913
422152
420285
421398
418606
426435
428163
422326
421193
395506
418947
418380
418763
426899
415733
417011
423914
421194
422982
420715
395194
423441
417341
772074
423411
426569
421738
416538
100859914
416746
419337
395254
424745
424852
395197
101752182
100858652
425468
425431
422683
421165
420013
101751023
769809
423446
100859761
417462
426885
419256
415432
418369
419255
420487
419072
416374
107054521
417574
424136
107050719
378802
415496
421402
426015
420834
428975
424263
396448
426492
395318
422898
100857630
419315
427267
107050083
107049063
417811
423460
423934
100858003
416537
427073
432370
418016
422332
420456
100857935
421919
423456
423182
101749378
396180
424486
418293
416021
395447
415417
420440
107056740
417795
423734
421309
428007
422668
395173
423748
423866
418709
424755
419466
417309
415668
107055765
374003
420775
420628
421698
395389
776273
428608
422172
423463
419895
420391
422214
418542
426238
772196
422325
396090
424487
420018
420459
423272
416782
396148
395670
423817
418933
429028
419261
426154
771736
421587
419262
422064
107055940
100858862
415880
419995
419800
396232
419244
100857760
416079
415630
421248
428307
416384
417916
419992
424991
107049047
425279
769118
424584
422185
422322
395823
423525
770677
416774
396269
771927
423102
420003
421314
768942
417275
373953
429558
421777
107057623
415596
419517
426008
421898
430410
419049
422713
395542
423508
416692
418556
419861
100134845
395376
100190948
421175
419597
395375
425545
427458
770269
420797
396130
427167
396069
417833
423767
395833
422321
422476
428911
417926
423289
416559
417673
415308
423764
416318
395979
417530
107055991
423865
420467
428736
416225
417971
427310
415924
770506
421849
422618
417644
419908
421149
428354
427175
416561
100049619
421842
421687
421694
417541
427173
420072
552895
424614
100858001
422920
418879
619530
395147
421032
420953
100857793
416168
100857525
421760
395072
427422
374216
417264
419116
419077
428399
419356
424589
396280
428386
770125
423698
420636
419187
424024
100736561
429200
395390
417986
420638
418004
101748854
422363
416324
419288
420293
107050243
107055729
770519
415981
396061
417936
423726
419421
418224
420212
427206
771003
395995
422650
424530
415722
107055400
424964
424697
374210
427679
423787
769960
418243
424189
421063
427473
418568
420148
419212
422955
100858430
419968
417366
769360
416800
396446
422331
421643
420447
419172
416745
429688
396470
418578
423312
421109
424396
422169
422598
424953
418636
100857165
423326
419934
422302
419036
420488
428731
420538
416256
418973
427374
427999
418401
425241
107053109
416344
424915
395895
417339
422351
772357
428635
427819
396017
503574
427001
417717
428569
426932
420222
419083
396049
423689
419313
416931
107055140
395534
417134
417249
417959
417414
107055538
416851
419226
100857694
416110
770094
418915
426076
428523
429657
418475
416823
419345
423234
100858913
425972
417438
420062
422360
420514
769028
421261
426850
395156
427262
427013
415400
100857837
100859007
420517
420159
395783
423408
415479
421626
422273
415328
430997
404771
422139
427540
396447
395806
424636
418685
419507
424665
428005
395634
427351
424895
423062
423118
427231
423862
423654
100858906
419999
422740
419963
428306
422578
395499
395232
101747779
424289
429110
419949
418000
422447
426888
416893
396193
415905
417739
428133
417898
422207
418146
100857678
423618
431656
396521
431645
429678
416296
426265
415832
424606
424499
424406
426362
422523
421656
422383
395869
395853
421273
419652
423572
418278
100859860
423232
395928
416734
395124
419743
769797
421372
423300
424941
374169
421925
373938
416567
424987
424772
420558
770816
424517
396285
374098
427803
428772
429967
418682
428704
420901
417543
421648
420722
424542
427123
419948
418609
427947
395948
101747587
425541
395686
420054
396523
374159
395338
395724
395916
396379
417583
418169
418170
418880
420037
423190
424924
425137
425706
426023
426793
427881
428192
428813
430767
431564
771920
772271
100859398
100859627
100859720
101749510
107048994
107049323
107049466
107054993
107055614
107055804
107056638
426504
100996929
771133
374138
420095
418044
420388
373970
100859320
415940
