478145
403992
610764
403474
476299
480092
100684847
486834
478889
403709
403872
475666
482284
474573
403557
474546
487535
484064
477711
475286
480972
403443
489421
474485
606901
474479
100856448
479424
484626
487558
478464
479780
609822
475631
608788
475312
403624
480547
488165
479253
489526
489585
486107
487204
442962
484826
612683
100687866
479459
475896
403558
476516
480726
477488
403737
478227
403723
477768
477166
607445
804486
804478
804479
804480
403908
475743
488106
479889
477029
403683
403677
100855692
486068
442964
483263
478279
478159
486886
478409
474897
483686
480858
479929
485005
479344
403818
486344
490754
480338
607705
608699
481576
474652
403958
100856079
486079
488746
486876
480361
479937
480281
477941
489818
477237
478430
485594
477869
480295
474510
608055
611939
475058
479479
490921
612490
477274
403511
483987
488006
480930
474674
609801
478985
485724
494006
403722
486443
612931
475897
479470
610936
477858
475497
403934
476067
477447
100855774
475833
476588
477229
489422
485067
475134
100855671
486848
477031
490477
477462
100856067
476512
475043
484937
483004
610537
100855863
490679
480872
611619
488784
404006
488898
487232
100686967
479856
481960
489406
442957
479960
611614
486309
476822
483196
481025
475875
479587
485959
479012
490325
478787
482945
403957
486251
487840
480147
100192385
474512
100855579
474681
479255
100856377
488390
480656
475766
100856298
475947
607519
612589
480129
486839
486295
100683530
100685961
483274
478327
480580
490789
490548
475814
488421
477643
477354
608330
479156
474675
612950
478336
100856065
608300
475171
488456
476063
487309
477214
610559
478403
474609
485564
474921
100686423
479112
475407
478453
480069
477177
491185
474818
477820
479331
608910
490868
488395
481018
478927
490128
479066
480454
476300
100856664
484599
486824
475775
483261
478807
100855965
476132
483881
607139
481590
474733
403953
478731
608079
491139
100685468
484774
487870
477374
475375
403561
100688636
489535
474740
611407
479605
476560
486137
483363
476463
482841
612960
491319
483970
489173
477467
479877
477066
475084
485523
492263
484780
477788
489052
476101
609619
489050
608441
477769
608981
490273
403669
484665
475382
608350
487502
480558
491356
479673
479364
483728
479410
490174
474685
475436
477647
100856252
611552
481318
489771
491321
608181
609552
480761
475703
480494
477726
485940
480254
474680
474557
607147
489032
475668
488536
102153194
490061
479893
489152
474645
481510
481509
479501
607000
100856090
480653
100855690
480647
491188
100682594
480570
491018
480507
490935
480465
483317
608378
477576
478606
487955
487750
100685637
482464
477308
477322
608721
608417
489810
607017
477477
100856747
611477
477527
486324
476695
476702
484931
490263
479995
490351
480098
478962
490301
478448
475152
475142
609531
488856
482686
608648
474623
481396
479943
478522
100856658
485442
607116
480781
100685258
477061
610090
484819
484814
476658
607100
485544
478623
478713
476503
488246
487132
476166
607631
489086
481526
480178
608777
479681
489733
612963
479659
479644
609436
479615
476389
476476
612732
485336
475998
612775
476327
486790
607916
611581
480810
474505
476275
479238
481954
478101
478089
478080
478078
478617
478645
476089
478679
475480
480123
483177
612092
487892
478494
487872
487871
476152
475943
487503
478299
475746
100856310
485766
477191
485830
477197
477209
477212
477244
477264
478799
480729
475218
480868
607816
482249
100856659
403954
100856782
607248
476557
106560075
486718
100856693
481656
481623
474807
610446
475368
482458
607232
100685060
487406
487412
478217
479603
479578
475714
487351
100856414
475648
100856577
403978
490642
480866
480296
481085
480360
490763
100856446
478838
474534
482020
482029
475061
607850
477629
477608
607442
610604
489371
479415
609344
478310
481883
477100
106557459
100856435
608118
608455
474912
442966
474920
607430
477403
475189
492102
611468
479291
491170
480627
480613
480610
491142
480606
480516
100856670
490911
490899
490901
483350
608295
486415
488033
488002
478545
487934
487731
486014
489859
100685945
489783
100855437
486284
477499
611501
609867
486319
488568
480056
100685478
488664
478973
100855525
478452
475160
479103
100682913
477546
477543
477538
100856311
474607
474600
490701
100684965
486124
476921
485491
611686
609840
477359
482895
482887
475593
484770
484216
607290
475876
607652
608809
476165
490560
489184
478052
487180
478035
478034
487157
608717
478108
478111
475451
479671
610516
476233
476425
476462
476120
479028
488743
479061
100684506
100856192
476182
478093
484183
477792
484170
486857
612786
477584
474891
479225
481963
475013
478098
478088
479356
606979
100856359
490419
483143
612948
100688743
479984
476144
100856355
612759
478276
485774
477143
477205
477206
485866
609863
485928
608549
480696
100683980
475299
475511
100856284
484622
476521
476552
477732
486710
477885
478148
474804
474780
481616
481042
474754
489561
489553
480186
475352
100855917
482508
100687720
482460
475325
475326
404012
478233
489608
484957
478225
483039
483042
475675
475670
482966
480430
485060
474532
475449
475439
475405
611645
475064
474509
486600
486549
403697
606918
607790
489293
479397
481884
484756
476619
476633
476654
474915
481839
478890
479702
478851
480960
481803
492211
492140
485846
479854
490086
612952
100856465
490938
490930
490924
483310
478664
477573
484993
486033
100688000
100856764
480084
487817
475499
474605
100682555
476909
612822
485448
489063
100682632
607683
478625
481518
484192
479192
490556
478109
475453
475454
479629
484030
476245
476881
476786
612812
477841
483670
100856584
477781
481759
481766
403687
486407
479233
612390
478076
488163
478637
476084
478680
100855927
611790
608113
491300
100855805
476143
488427
478831
483627
487516
612871
485778
477142
477133
477259
485942
482800
609937
100856455
476532
477715
486666
612957
486964
481637
609974
475320
482477
610227
487393
487431
478230
483033
483035
608582
480284
490848
475667
474526
404019
475065
481254
481239
478372
487653
478313
474981
476614
403613
485628
477027
474903
478876
102154798
610872
489162
482207
487675
612796
486424
611201
484997
475139
489109
488277
487203
476364
477797
490415
475846
483168
490208
608606
478251
607530
481359
483264
490811
489424
474451
481262
479411
478929
403531
475546
476285
482257
503863
491160
480573
488099
478951
480325
475429
475501
612329
476337
479167
479972
608904
477131
485961
475227
482261
474625
490783
610636
479414
477015
612861
478893
608751
488883
480840
479224
480551
478213
486820
477215
100856258
485842
610533
475515
481524
481089
480402
487331
487332
492015
100856315
485198
487981
477763
488648
484740
482339
489517
486311
612653
607772
475922
486740
488875
489195
476209
478603
404017
474462
609693
487783
100688604
609555
611859
475954
477663
479599
490438
480086
474585
607587
100688583
477370
486246
486999
607676
490154
100688348
474599
476608
608888
477657
490425
102154970
479522
490287
609502
478881
403969
480008
482363
608916
480590
610377
480527
490050
476640
475584
490424
479975
480011
480908
482772
491717
486837
489547
476273
100683096
490863
481191
574011
487085
608626
479959
476070
482963
607494
100682599
482811
485870
483069
475258
403702
479832
481932
106559486
488855
476849
477727
491081
478178
480986
486633
490717
478264
478144
106559787
612249
481434
609194
477585
480605
474410
476212
474624
490923
610409
477539
478071
611784
485151
480712
477680
403745
475355
479564
484152
478359
489656
492003
100856376
477564
481706
100683793
483995
608036
476319
610457
486880
474850
607618
487531
487521
477926
478103
612644
100687127
475986
478926
607747
476972
609914
485570
403856
481859
487862
476002
100856710
484572
477277
476427
476733
608950
475770
477456
485763
477302
403546
477412
488833
607759
612212
484827
488430
485615
100855777
478706
483748
100499482
606867
474487
477421
480054
100856724
608703
478007
489717
475354
479048
474868
609530
477117
486934
478468
102152446
476630
609027
479685
403691
488956
478918
480725
607260
483905
475049
480663
491304
479913
477839
403681
474881
481003
478063
477560
488088
611799
485790
482779
480830
476664
489657
479545
480818
477046
479612
478152
485876
484019
485001
480365
609819
100685411
475894
609268
480815
482022
100126180
611715
491909
611146
491967
479558
475610
487951
100686696
474432
488057
486350
486900
483675
488542
476983
403674
489814
483756
485083
481015
490616
612974
484805
480469
100856034
102157323
480107
484367
100855575
475317
100302747
480479
474443
485209
491869
476984
485549
478840
484692
100855666
100684696
606963
484139
480513
481081
483172
479570
481581
479720
487819
610356
476725
478564
612562
482093
482513
100856672
610238
106558887
476450
486609
490409
481354
476065
489012
481346
607942
476753
475991
100856395
488807
610194
100855649
492241
609422
100686835
610198
477821
490051
479434
481806
477845
474837
479888
479396
474504
491975
100683961
475649
475980
487992
607852
483160
489749
100855941
474792
100529112
479796
475671
474531
403912
476121
478597
477637
491936
610120
490531
484373
612350
492063
100855915
480220
485525
479180
477187
613007
478562
476206
489692
476253
480549
480438
474884
478913
487520
477912
480017
490537
483020
481029
100856163
483662
612520
490371
100687634
487430
474536
474722
490413
478903
106559905
483232
612540
475353
480897
484063
478661
485976
482519
100856697
486129
480253
481508
488204
609219
481083
102153873
476156
489672
483377
491589
487259
403738
403670
479674
481440
100685660
491061
478686
480149
480208
474396
475381
608323
485168
480344
484656
610168
608795
612839
475994
403682
100856534
475450
482080
489024
488288
607944
485521
487548
490133
484835
612306
476162
403684
478640
475967
610713
480352
487146
491845
480342
100686141
483323
100688981
476975
478164
474978
100683704
474747
481417
479744
488016
489640
403543
476748
478956
608357
477422
478472
480964
608884
488482
483768
476292
100688635
491866
483277
482873
478487
491145
100685179
475924
609256
608890
491239
476841
478295
489102
475529
474788
474857
490915
475157
612934
609833
612831
488935
480403
481933
607817
485121
487527
609445
485697
492302
487749
484000
483752
481270
479846
480059
479924
476331
482510
479274
474643
406185
477300
611397
477925
606899
486227
609803
490858
479904
475838
489500
480716
480569
403667
485334
475184
475055
403688
489571
491788
483764
477240
489597
489133
483360
478149
480384
484922
474484
608697
474498
487150
475694
483372
485806
477198
491897
477043
482708
106557831
403568
474993
477857
476189
478102
486263
480239
480638
477230
492002
607976
480491
474486
485013
482767
102156768
481207
483298
478765
480182
479926
475130
487151
477257
483119
486512
485759
483322
100685718
491587
487651
485465
482822
489705
100685023
484498
488526
476644
485440
479850
608470
483737
475124
403671
487831
478202
480839
480290
403731
489691
477998
477987
482987
608208
100856263
479454
100688966
478547
484197
608445
100856581
478600
480915
612890
486587
476780
478762
100856683
475008
479820
483777
476894
491937
100856038
477990
611915
102154318
608326
102157175
481280
480677
490256
489816
489747
489970
482711
486558
611680
403512
475819
480040
477023
611459
612205
479019
477450
477265
475465
100049004
491075
475887
612618
492111
480159
100170671
477148
404004
491775
479672
607658
478331
403928
478347
608951
478324
492137
612385
485033
489504
612105
485076
476240
478766
487353
403941
478338
485823
492126
488896
481480
487777
482134
479679
100856120
481565
489099
476865
481184
482530
608414
477311
491153
478764
491027
476323
486562
480632
100688577
481011
476126
474416
477615
479866
488402
489949
480654
481130
481585
479797
477541
100855648
475612
494005
480241
491949
486747
474683
476190
477746
475857
607404
481448
483225
490608
609521
478523
403871
479947
608979
606792
492052
474584
610762
490682
479489
476694
483784
449021
403820
484509
610214
480441
483755
490632
489525
480734
100686650
477369
611034
492067
474630
485016
100855828
491313
481331
611417
481131
475408
484506
477681
475928
490341
490391
100856365
100856050
477989
484401
487900
486360
100684215
611821
479005
481843
607275
100856470
612832
478292
479254
488397
491765
612751
478855
100855667
488297
487429
486318
489357
403874
100685707
403170
481073
102156730
608051
488254
476003
100856533
608074
479657
475192
606992
611758
488118
608628
484372
403955
480181
488263
476659
403502
474755
474919
477596
490672
607060
607804
607890
609055
609625
612452
100684019
100687259
100688342
100855580
100856197
100856635
106558236
